0 0.07333333333333333 0.6270125223613596 0.12 0.24508050089445438
0 0.04888888888888889 0.426654740608229 0.05333333333333334 0.11270125223613596
0 0.10666666666666667 0.4445438282647585 0.07333333333333333 0.12343470483005367
0 0.0811111111111111 0.3631484794275492 0.057777777777777775 0.08944543828264759
0 0.12666666666666668 0.3667262969588551 0.051111111111111114 0.11449016100178891
0 0.17777777777777778 0.7602862254025045 0.15777777777777777 0.27906976744186046
0 0.24333333333333335 0.5948121645796064 0.10666666666666667 0.19499105545617174
0 0.26611111111111113 0.4033989266547406 0.06111111111111111 0.10554561717352415
0 0.31222222222222223 0.4007155635062612 0.04666666666666667 0.11806797853309481
0 0.3844444444444444 0.24597495527728086 0.06444444444444444 0.13416815742397137
0 0.41888888888888887 0.5420393559928444 0.08 0.1252236135957066
0 0.42777777777777776 0.5062611806797853 0.08888888888888889 0.13953488372093023
0 0.4538888888888889 0.7298747763864043 0.16333333333333333 0.27191413237924866
0 0.55 0.6118067978533095 0.13333333333333333 0.25402504472271914
0 0.5161111111111111 0.4928443649373882 0.09444444444444444 0.13774597495527727
0 0.6411111111111111 0.5259391771019678 0.08 0.15026833631484796
0 0.6477777777777778 0.4418604651162791 0.07111111111111111 0.1252236135957066
0 0.6838888888888889 0.38461538461538464 0.058888888888888886 0.1073345259391771
0 0.6983333333333334 0.41323792486583183 0.04777777777777778 0.12164579606440072
0 0.76 0.5098389982110912 0.08666666666666667 0.14669051878354203
0 0.7961111111111111 0.4490161001788909 0.07222222222222222 0.11091234347048301
0 0.8483333333333334 0.43023255813953487 0.06111111111111111 0.10196779964221825
0 0.8955555555555555 0.3935599284436494 0.05555555555555555 0.1037567084078712
0 0.9055555555555556 0.36404293381037567 0.057777777777777775 0.08407871198568873