0 0.19541666666666666 0.5625 0.14916666666666667 0.2575
0 0.12416666666666666 0.3725 0.12333333333333334 0.1925
0 0.20541666666666666 0.2575 0.08916666666666667 0.1625
0 0.29375 0.38625 0.09416666666666666 0.1825
0 0.48 0.598125 0.14 0.25625
0 0.5483333333333333 0.5 0.11166666666666666 0.1925
0 0.6483333333333333 0.49625 0.11 0.185
0 0.80875 0.645 0.12083333333333333 0.2375
0 0.8245833333333333 0.444375 0.10916666666666666 0.20125
0 0.6741666666666667 0.191875 0.08333333333333333 0.14625
0 0.7358333333333333 0.195625 0.055 0.11625
0 0.7408333333333333 0.115625 0.045 0.08125
0 0.8633333333333333 0.238125 0.08166666666666667 0.14375
0 0.47625 0.206875 0.0725 0.13375
0 0.5425 0.159375 0.055 0.10625
0 0.5783333333333334 0.126875 0.04833333333333333 0.09875
0 0.6325 0.15625 0.055 0.1075
0 0.97 0.178125 0.05 0.10375
0 0.29625 0.1175 0.0475 0.0875
0 0.37833333333333335 0.173125 0.065 0.12125
0 0.43666666666666665 0.131875 0.051666666666666666 0.09125
0 0.17458333333333334 0.180625 0.0725 0.11125
0 0.16333333333333333 0.086875 0.051666666666666666 0.07375