0 0.3560267857142857 0.9163879598662207 0.16294642857142858 0.1605351170568562
0 0.18638392857142858 0.7157190635451505 0.08705357142857142 0.11371237458193979
0 0.14397321428571427 0.5852842809364549 0.05580357142857143 0.08695652173913043
0 0.10044642857142858 0.5384615384615384 0.03571428571428571 0.06688963210702341
0 0.049107142857142856 0.46488294314381273 0.026785714285714284 0.04013377926421405
0 0.07589285714285714 0.4916387959866221 0.022321428571428572 0.04013377926421405
0 0.09263392857142858 0.49665551839464883 0.024553571428571428 0.043478260869565216
0 0.11383928571428571 0.4698996655518395 0.022321428571428572 0.03678929765886288
0 0.12276785714285714 0.4899665551839465 0.026785714285714284 0.05016722408026756
0 0.1484375 0.4983277591973244 0.024553571428571428 0.04013377926421405
0 0.1875 0.5150501672240803 0.026785714285714284 0.05351170568561873
0 0.22991071428571427 0.540133779264214 0.04017857142857143 0.07023411371237458
0 0.28683035714285715 0.5836120401337793 0.05580357142857143 0.08361204013377926
0 0.2767857142857143 0.4782608695652174 0.022321428571428572 0.033444816053511704
0 0.29910714285714285 0.47491638795986624 0.022321428571428572 0.04013377926421405
0 0.33370535714285715 0.479933110367893 0.024553571428571428 0.043478260869565216
0 0.36607142857142855 0.49665551839464883 0.026785714285714284 0.05016722408026756
0 0.3783482142857143 0.4698996655518395 0.024553571428571428 0.03678929765886288
0 0.3560267857142857 0.40635451505016723 0.020089285714285716 0.03678929765886288
0 0.40401785714285715 0.45819397993311034 0.022321428571428572 0.026755852842809364
0 0.40513392857142855 0.4882943143812709 0.015625 0.04013377926421405
0 0.42299107142857145 0.4882943143812709 0.029017857142857144 0.046822742474916385
0 0.4408482142857143 0.5117056856187291 0.029017857142857144 0.046822742474916385
0 0.45424107142857145 0.479933110367893 0.020089285714285716 0.030100334448160536
0 0.4877232142857143 0.45819397993311034 0.024553571428571428 0.04013377926421405
0 0.49776785714285715 0.47324414715719065 0.022321428571428572 0.03678929765886288
0 0.5167410714285714 0.49331103678929766 0.029017857142857144 0.05016722408026756
0 0.5256696428571429 0.5183946488294314 0.029017857142857144 0.046822742474916385
0 0.4955357142857143 0.5434782608695652 0.044642857142857144 0.07023411371237458
0 0.43973214285714285 0.7374581939799331 0.08035714285714286 0.14381270903010032
0 0.5982142857142857 0.7993311036789298 0.12946428571428573 0.20735785953177258
0 0.6395089285714286 0.6153846153846154 0.05580357142857143 0.09364548494983277
0 0.6127232142857143 0.5551839464882943 0.04241071428571429 0.06688963210702341
0 0.5803571428571429 0.5 0.03571428571428571 0.06354515050167224
0 0.5479910714285714 0.479933110367893 0.033482142857142856 0.043478260869565216
0 0.5513392857142857 0.4665551839464883 0.022321428571428572 0.03678929765886288
0 0.5747767857142857 0.45819397993311034 0.029017857142857144 0.046822742474916385
0 0.6015625 0.47324414715719065 0.015625 0.030100334448160536
0 0.6171875 0.48327759197324416 0.020089285714285716 0.043478260869565216
0 0.6316964285714286 0.5033444816053512 0.03125 0.05016722408026756
0 0.6685267857142857 0.4916387959866221 0.024553571428571428 0.046822742474916385
0 0.6997767857142857 0.5568561872909699 0.04241071428571429 0.07023411371237458
0 0.7321428571428571 0.5100334448160535 0.04017857142857143 0.05016722408026756
0 0.7131696428571429 0.48327759197324416 0.024553571428571428 0.03678929765886288
0 0.7455357142857143 0.47324414715719065 0.026785714285714284 0.043478260869565216
0 0.7868303571428571 0.5066889632107023 0.029017857142857144 0.043478260869565216
0 0.7533482142857143 0.4983277591973244 0.029017857142857144 0.046822742474916385
0 0.8270089285714286 0.5735785953177257 0.05133928571428571 0.0903010033444816
0 0.8404017857142857 0.49331103678929766 0.029017857142857144 0.03678929765886288
0 0.8783482142857143 0.5351170568561873 0.046875 0.08695652173913043
0 0.9140625 0.5033444816053512 0.033482142857142856 0.05016722408026756
0 0.9553571428571429 0.479933110367893 0.03571428571428571 0.05016722408026756