0 0.15771484375 0.6441672780630961 0.2275390625 0.31401320616287604
0 0.03759765625 0.4086573734409391 0.06884765625 0.11812179016874541
0 0.07177734375 0.33969185619955977 0.08251953125 0.10418195157740279
0 0.0400390625 0.2663242846661775 0.06201171875 0.09244314013206163
0 0.140625 0.3646368305209098 0.05908203125 0.11225238444607484
0 0.1904296875 0.29126925898752754 0.0576171875 0.08657373440939105
0 0.19482421875 0.5143066764490095 0.16015625 0.1988261188554659
0 0.224609375 0.4328686720469552 0.119140625 0.15700660308143802
0 0.30224609375 0.39251650770359503 0.0791015625 0.1496698459280998
0 0.34521484375 0.32281731474688186 0.06396484375 0.1078503301540719
0 0.46923828125 0.3374908290535583 0.07470703125 0.11518708730741012
0 0.48779296875 0.289068231841526 0.04638671875 0.08217168011738811
0 0.6328125 0.3448275862068966 0.064453125 0.1371973587674248
0 0.6669921875 0.3521643433602348 0.07177734375 0.12179016874541453
0 0.75244140625 0.40719002201027144 0.1123046875 0.19809244314013205
0 0.8701171875 0.3873807776962582 0.1396484375 0.2164343360234776