0 0.12060546875 0.6701388888888888 0.10595703125 0.23958333333333334
0 0.10302734375 0.5668402777777778 0.07958984375 0.13368055555555555
0 0.08203125 0.4279513888888889 0.03955078125 0.08854166666666667
0 0.09912109375 0.3993055555555556 0.0283203125 0.0703125
0 0.15283203125 0.4192708333333333 0.02587890625 0.06076388888888889
0 0.1435546875 0.3784722222222222 0.0234375 0.043402777777777776
0 0.18212890625 0.4149305555555556 0.02978515625 0.059027777777777776
0 0.1953125 0.4513888888888889 0.04443359375 0.07291666666666667
0 0.25048828125 0.4071180555555556 0.029296875 0.05295138888888889
0 0.24755859375 0.5164930555555556 0.0546875 0.1154513888888889
0 0.3642578125 0.5815972222222222 0.06201171875 0.14149305555555555
0 0.419921875 0.6571180555555556 0.1025390625 0.1875
0 0.3701171875 0.4105902777777778 0.029296875 0.06770833333333333
0 0.38818359375 0.4105902777777778 0.02734375 0.050347222222222224
0 0.40673828125 0.4366319444444444 0.03173828125 0.058159722222222224
0 0.43310546875 0.4053819444444444 0.02001953125 0.049479166666666664
0 0.45947265625 0.4435763888888889 0.0361328125 0.06076388888888889
0 0.49853515625 0.4427083333333333 0.0263671875 0.04600694444444445
0 0.5439453125 0.46875 0.03564453125 0.078125
0 0.53955078125 0.4114583333333333 0.02001953125 0.041666666666666664
0 0.51708984375 0.4131944444444444 0.0185546875 0.03819444444444445
0 0.5537109375 0.4210069444444444 0.01611328125 0.044270833333333336
0 0.60009765625 0.421875 0.02197265625 0.04600694444444445
0 0.6181640625 0.5017361111111112 0.03466796875 0.07465277777777778
0 0.61474609375 0.4470486111111111 0.021484375 0.0390625
0 0.63330078125 0.4270833333333333 0.01708984375 0.04774305555555555
0 0.6611328125 0.4401041666666667 0.02001953125 0.049479166666666664
0 0.67626953125 0.4618055555555556 0.0234375 0.052083333333333336
0 0.71337890625 0.5060763888888888 0.05078125 0.1171875
0 0.73828125 0.4635416666666667 0.02490234375 0.0546875
0 0.68994140625 0.4227430555555556 0.01513671875 0.036458333333333336
0 0.7294921875 0.4270833333333333 0.02001953125 0.03819444444444445
0 0.787109375 0.4887152777777778 0.0400390625 0.0763888888888889
0 0.78173828125 0.4427083333333333 0.01806640625 0.04079861111111111
0 0.8037109375 0.4522569444444444 0.0234375 0.05381944444444445
0 0.7998046875 0.5581597222222222 0.04150390625 0.09461805555555555
0 0.8662109375 0.5729166666666666 0.080078125 0.109375
0 0.83837890625 0.5 0.03173828125 0.0798611111111111
0 0.82568359375 0.4487847222222222 0.0244140625 0.06163194444444445
0 0.88525390625 0.4678819444444444 0.0283203125 0.06336805555555555
0 0.9384765625 0.5703125 0.06591796875 0.12152777777777778
0 0.95947265625 0.5217013888888888 0.04345703125 0.078125
0 0.98974609375 0.5182291666666666 0.02001953125 0.08246527777777778
0 0.970703125 0.4704861111111111 0.0283203125 0.06076388888888889
0 0.92578125 0.46875 0.03076171875 0.06510416666666667