0 0.0302734375 0.3248697916666667 0.05078125 0.07486979166666667
0 0.10107421875 0.3541666666666667 0.0576171875 0.07161458333333333
0 0.203125 0.24283854166666666 0.09716796875 0.146484375
0 0.43798828125 0.4029947916666667 0.0732421875 0.115234375
0 0.47607421875 0.5143229166666666 0.11474609375 0.17903645833333334
0 0.61279296875 0.3990885416666667 0.080078125 0.130859375
0 0.70703125 0.4947916666666667 0.10205078125 0.13997395833333334
0 0.80712890625 0.4016927083333333 0.08935546875 0.138671875
0 0.88525390625 0.4388020833333333 0.11328125 0.14908854166666666
0 0.95849609375 0.3391927083333333 0.056640625 0.09700520833333333
0 0.982421875 0.3235677083333333 0.0341796875 0.09244791666666667