0 0.13818359375 0.43663003663003663 0.0498046875 0.08498168498168499
0 0.08447265625 0.6901098901098901 0.08203125 0.14212454212454212
0 0.18994140625 0.6336996336996337 0.0634765625 0.08278388278388278
0 0.23828125 0.5970695970695971 0.05029296875 0.07838827838827839
0 0.36572265625 0.6791208791208792 0.07470703125 0.1076923076923077
0 0.3955078125 0.6095238095238096 0.04638671875 0.08571428571428572
0 0.4267578125 0.6417582417582418 0.04931640625 0.08717948717948718
0 0.505859375 0.6637362637362637 0.07275390625 0.12893772893772895
0 0.57958984375 0.6725274725274726 0.06640625 0.11062271062271062
0 0.57177734375 0.6087912087912087 0.05322265625 0.07692307692307693
0 0.62255859375 0.6454212454212455 0.0517578125 0.09304029304029304
0 0.5751953125 0.7648351648351648 0.08056640625 0.10622710622710622
0 0.63330078125 0.895970695970696 0.18798828125 0.20659340659340658