0 0.1923828125 0.4615885416666667 0.10498046875 0.14778645833333334
0 0.1875 0.357421875 0.052734375 0.07291666666666667
0 0.16748046875 0.3255208333333333 0.04736328125 0.06380208333333333
0 0.1025390625 0.3287760416666667 0.0419921875 0.055338541666666664
0 0.240234375 0.3157552083333333 0.0361328125 0.056640625
0 0.26318359375 0.376953125 0.05908203125 0.08658854166666667
0 0.34423828125 0.3287760416666667 0.04296875 0.068359375
0 0.37890625 0.3248697916666667 0.0498046875 0.08854166666666667
0 0.54541015625 0.3776041666666667 0.06640625 0.103515625
0 0.55908203125 0.3255208333333333 0.0361328125 0.05859375
0 0.62158203125 0.3391927083333333 0.0458984375 0.06380208333333333
0 0.6552734375 0.3977864583333333 0.0634765625 0.10416666666666667
0 0.705078125 0.3372395833333333 0.0361328125 0.061197916666666664
0 0.7705078125 0.5091145833333334 0.1181640625 0.16666666666666666
0 0.88427734375 0.263671875 0.0458984375 0.07747395833333333
0 0.96435546875 0.4069010416666667 0.0654296875 0.107421875