0 0.09444444444444444 0.36 0.051111111111111114 0.08666666666666667
0 0.18 0.3883333333333333 0.057777777777777775 0.07666666666666666
0 0.16777777777777778 0.44166666666666665 0.05555555555555555 0.07666666666666666
0 0.21 0.5366666666666666 0.07777777777777778 0.12
0 0.2777777777777778 0.6016666666666667 0.09333333333333334 0.13666666666666666
0 0.2088888888888889 0.31333333333333335 0.035555555555555556 0.07333333333333333
0 0.23333333333333334 0.33 0.035555555555555556 0.06
0 0.27555555555555555 0.32166666666666666 0.04 0.056666666666666664
0 0.31333333333333335 0.3416666666666667 0.04 0.07
0 0.36444444444444446 0.475 0.06666666666666667 0.10333333333333333
0 0.43333333333333335 0.34833333333333333 0.044444444444444446 0.07
0 0.40555555555555556 0.30833333333333335 0.03333333333333333 0.05
0 0.3877777777777778 0.3 0.024444444444444446 0.04666666666666667
0 0.45 0.31833333333333336 0.028888888888888888 0.043333333333333335
0 0.4811111111111111 0.33166666666666667 0.03333333333333333 0.06333333333333334
0 0.5822222222222222 0.37833333333333335 0.044444444444444446 0.07666666666666666
0 0.5133333333333333 0.49333333333333335 0.06666666666666667 0.12
0 0.43222222222222223 0.775 0.12222222222222222 0.21
0 0.7144444444444444 0.7583333333333333 0.10888888888888888 0.21666666666666667
0 0.6433333333333333 0.49666666666666665 0.06444444444444444 0.10666666666666667
0 0.6422222222222222 0.41833333333333333 0.057777777777777775 0.07666666666666666
0 0.6711111111111111 0.35333333333333333 0.044444444444444446 0.06666666666666667
0 0.7611111111111111 0.43666666666666665 0.05555555555555555 0.08666666666666667
0 0.7622222222222222 0.37 0.044444444444444446 0.07333333333333333
0 0.7633333333333333 0.5316666666666666 0.07333333333333333 0.13666666666666666
0 0.8311111111111111 0.4633333333333333 0.06222222222222222 0.09333333333333334
0 0.8355555555555556 0.38666666666666666 0.04888888888888889 0.07333333333333333
0 0.8411111111111111 0.6816666666666666 0.11333333333333333 0.18333333333333332
0 0.9244444444444444 0.38166666666666665 0.057777777777777775 0.08333333333333333
0 0.9788888888888889 0.4 0.03777777777777778 0.07333333333333333