0 0.029296875 0.46373626373626375 0.029296875 0.04908424908424908
0 0.052734375 0.47106227106227105 0.03076171875 0.041025641025641026
0 0.09130859375 0.4967032967032967 0.04248046875 0.05567765567765568
0 0.119140625 0.5076923076923077 0.0498046875 0.073992673992674
0 0.1513671875 0.4432234432234432 0.03076171875 0.03882783882783883
0 0.173828125 0.4622710622710623 0.0283203125 0.04249084249084249
0 0.18505859375 0.5523809523809524 0.0498046875 0.07179487179487179
0 0.29248046875 0.48937728937728936 0.04248046875 0.054945054945054944
0 0.34423828125 0.5032967032967033 0.04345703125 0.05860805860805861
0 0.416015625 0.526007326007326 0.0498046875 0.06666666666666667
0 0.57373046875 0.5604395604395604 0.04150390625 0.05860805860805861
0 0.53173828125 0.44468864468864466 0.02392578125 0.03663003663003663
0 0.5947265625 0.46373626373626375 0.02392578125 0.04468864468864469
0 0.70703125 0.4197802197802198 0.02734375 0.04395604395604396
0 0.9541015625 0.591941391941392 0.08203125 0.13333333333333333