0 0.8941908713692946 0.4543795620437956 0.06224066390041494 0.13503649635036497
0 0.7147302904564315 0.541970802919708 0.03112033195020747 0.06934306569343066
0 0.6763485477178424 0.5200729927007299 0.03319502074688797 0.06204379562043796
0 0.6887966804979253 0.49635036496350365 0.029045643153526972 0.051094890510948905
0 0.6400414937759336 0.5127737226277372 0.026970954356846474 0.06204379562043796
0 0.5591286307053942 0.5255474452554745 0.035269709543568464 0.072992700729927
0 0.5612033195020747 0.4762773722627737 0.03112033195020747 0.06204379562043796
0 0.5373443983402489 0.49452554744525545 0.03319502074688797 0.05474452554744526
0 0.4284232365145228 0.5072992700729927 0.035269709543568464 0.06569343065693431
0 0.45228215767634855 0.4835766423357664 0.03319502074688797 0.06934306569343066
0 0.3993775933609959 0.4835766423357664 0.026970954356846474 0.05474452554744526
0 0.3682572614107884 0.5328467153284672 0.043568464730290454 0.08029197080291971
0 0.3578838174273859 0.6295620437956204 0.06431535269709543 0.13503649635036497
0 0.34439834024896265 0.47992700729927007 0.03319502074688797 0.07664233576642336
0 0.28319502074688796 0.5255474452554745 0.05186721991701245 0.10948905109489052
0 0.16390041493775934 0.5693430656934306 0.07053941908713693 0.1386861313868613
0 0.18983402489626555 0.3613138686131387 0.06431535269709543 0.13138686131386862
0 0.23132780082987553 0.4489051094890511 0.03112033195020747 0.072992700729927
0 0.23962655601659752 0.39233576642335766 0.01867219917012448 0.04744525547445255
0 0.22510373443983403 0.4032846715328467 0.022821576763485476 0.04744525547445255
0 0.32261410788381745 0.4142335766423358 0.022821576763485476 0.05474452554744526
0 0.3724066390041494 0.458029197080292 0.026970954356846474 0.06204379562043796
0 0.2883817427385892 0.4653284671532847 0.03734439834024896 0.05474452554744526
0 0.3070539419087137 0.45255474452554745 0.024896265560165973 0.06569343065693431
0 0.2894190871369295 0.4197080291970803 0.026970954356846474 0.058394160583941604
0 0.35892116182572614 0.4251824817518248 0.02074688796680498 0.05474452554744526
0 0.13485477178423236 0.41058394160583944 0.03319502074688797 0.06934306569343066
0 0.09854771784232365 0.4124087591240876 0.03112033195020747 0.058394160583941604
0 0.07468879668049792 0.45255474452554745 0.04149377593360996 0.08029197080291971
0 0.02074688796680498 0.4197080291970803 0.03734439834024896 0.072992700729927
0 0.046680497925311204 0.4124087591240876 0.026970954356846474 0.058394160583941604
0 0.046680497925311204 0.3613138686131387 0.026970954356846474 0.043795620437956206
0 0.06846473029045644 0.33941605839416056 0.02074688796680498 0.043795620437956206
0 0.12863070539419086 0.34306569343065696 0.024896265560165973 0.0364963503649635
0 0.014522821576763486 0.34306569343065696 0.024896265560165973 0.043795620437956206
0 0.01867219917012448 0.30656934306569344 0.024896265560165973 0.043795620437956206