0 0.09130859375 0.4782608695652174 0.10888671875 0.25716928769657726
0 0.1962890625 0.3598519888991674 0.07861328125 0.17483811285846437
0 0.1689453125 0.28769657724329323 0.06787109375 0.15633672525439407
0 0.2490234375 0.28677150786308975 0.0673828125 0.15448658649398705
0 0.37158203125 0.29879740980573544 0.04443359375 0.09898242368177614
0 0.4775390625 0.301572617946346 0.04736328125 0.1036077705827937
0 0.6142578125 0.3191489361702128 0.05078125 0.1036077705827937
0 0.7197265625 0.34782608695652173 0.04443359375 0.1147086031452359
0 0.78466796875 0.36262719703977797 0.06640625 0.15911193339500462
0 0.76611328125 0.2839962997224792 0.03369140625 0.07770582793709528
0 0.88232421875 0.34135060129509714 0.05224609375 0.12025901942645699
0 0.91650390625 0.4412580943570768 0.08154296875 0.1877890841813136
0 0.9677734375 0.3515263644773358 0.056640625 0.13043478260869565