0 0.220703125 0.31239804241435565 0.02587890625 0.04567699836867863
0 0.13427734375 0.44779771615008157 0.04296875 0.0766721044045677
0 0.09326171875 0.5554649265905384 0.07275390625 0.13132137030995106
0 0.0859375 0.4559543230016313 0.0478515625 0.08564437194127243
0 0.02294921875 0.44779771615008157 0.03857421875 0.06525285481239804
0 0.3076171875 0.49592169657422513 0.060546875 0.10440456769983687
0 0.37158203125 0.5220228384991843 0.07958984375 0.1402936378466558
0 0.3408203125 0.43066884176182707 0.04345703125 0.07177814029363784
0 0.4794921875 0.4698205546492659 0.052734375 0.09461663947797716
0 0.50927734375 0.48776508972267535 0.04248046875 0.1068515497553018
0 0.53759765625 0.3727569331158238 0.0322265625 0.061174551386623165
0 0.44482421875 0.46492659053833607 0.041015625 0.08401305057096248
0 0.76904296875 0.5277324632952691 0.06396484375 0.132952691680261
0 0.82177734375 0.48694942903752036 0.0458984375 0.08564437194127243
0 0.74658203125 0.4796084828711256 0.05078125 0.0929853181076672
0 0.95068359375 0.5203915171288744 0.06005859375 0.11011419249592169
0 0.91259765625 0.4763458401305057 0.05078125 0.1199021207177814