0 0.18359375 0.7040293040293041 0.14453125 0.2652014652014652
0 0.078125 0.5267399267399268 0.044921875 0.05567765567765568
0 0.021484375 0.5186813186813187 0.037109375 0.046153846153846156
0 0.1943359375 0.46373626373626375 0.03271484375 0.041025641025641026
0 0.2041015625 0.484981684981685 0.0244140625 0.03736263736263736
0 0.2705078125 0.5003663003663004 0.03076171875 0.04468864468864469
0 0.2119140625 0.5706959706959707 0.06640625 0.1054945054945055
0 0.32861328125 0.4857142857142857 0.0302734375 0.04395604395604396
0 0.2939453125 0.46886446886446886 0.0224609375 0.03223443223443224
0 0.37060546875 0.4673992673992674 0.0244140625 0.03882783882783883
0 0.3974609375 0.5347985347985348 0.0537109375 0.08131868131868132
0 0.4326171875 0.6043956043956044 0.08935546875 0.14065934065934066
0 0.4462890625 0.463003663003663 0.025390625 0.041758241758241756
0 0.53271484375 0.47326007326007324 0.04541015625 0.07765567765567766
0 0.611328125 0.5377289377289377 0.0673828125 0.0989010989010989
0 0.60302734375 0.47692307692307695 0.03076171875 0.04542124542124542
0 0.6044921875 0.8468864468864469 0.18798828125 0.2813186813186813
0 0.77099609375 0.6498168498168498 0.08837890625 0.15018315018315018
0 0.76220703125 0.5311355311355311 0.0517578125 0.0695970695970696