0 0.6201171875 0.3548387096774194 0.02880859375 0.054252199413489736
0 0.64404296875 0.5711143695014663 0.05126953125 0.0872434017595308
0 0.66455078125 0.6268328445747801 0.06396484375 0.10337243401759531
0 0.716796875 0.5586510263929618 0.03857421875 0.06671554252199413
0 0.7607421875 0.592375366568915 0.04931640625 0.08064516129032258
0 0.7998046875 0.7851906158357771 0.0947265625 0.14516129032258066
0 0.83056640625 0.6422287390029325 0.05810546875 0.09237536656891496
0 0.81396484375 0.5483870967741935 0.0419921875 0.06964809384164222
0 0.33349609375 0.5579178885630498 0.04052734375 0.06598240469208211
0 0.30419921875 0.5989736070381232 0.04296875 0.08797653958944282
0 0.27734375 0.6195014662756598 0.05224609375 0.10117302052785923
0 0.19873046875 0.5630498533724341 0.05224609375 0.08357771260997067
0 0.24658203125 0.5417888563049853 0.04736328125 0.08577712609970674
0 0.1064453125 0.6378299120234604 0.06591796875 0.09604105571847507
0 0.04541015625 0.5865102639296188 0.06396484375 0.07404692082111437
0 0.13134765625 0.5366568914956011 0.0439453125 0.07624633431085044
0 0.9091796875 0.5909090909090909 0.05078125 0.08577712609970674
0 0.91259765625 0.5359237536656891 0.041015625 0.06671554252199413
0 0.96630859375 0.7412023460410557 0.06591796875 0.12756598240469208
0 0.978515625 0.6466275659824047 0.0419921875 0.0747800586510264
0 0.98193359375 0.5740469208211144 0.03515625 0.08064516129032258