0 0.13232421875 0.771484375 0.064453125 0.07356770833333333
0 0.2626953125 0.8489583333333334 0.087890625 0.1328125
0 0.30859375 0.7369791666666666 0.0615234375 0.08723958333333333
0 0.22607421875 0.7233072916666666 0.0380859375 0.06380208333333333
0 0.51416015625 0.8235677083333334 0.0849609375 0.12239583333333333
0 0.54052734375 0.767578125 0.0634765625 0.07877604166666667
0 0.50439453125 0.6979166666666666 0.0537109375 0.059895833333333336
0 0.48046875 0.6608072916666666 0.03271484375 0.048828125
0 0.3779296875 0.60546875 0.0458984375 0.049479166666666664
0 0.3369140625 0.6575520833333334 0.0380859375 0.045572916666666664
0 0.2890625 0.6380208333333334 0.0400390625 0.055338541666666664
0 0.24169921875 0.6725260416666666 0.0390625 0.045572916666666664
0 0.669921875 0.7819010416666666 0.0810546875 0.10286458333333333
0 0.77001953125 0.8046875 0.08349609375 0.12239583333333333
0 0.75390625 0.72265625 0.06640625 0.08919270833333333
0 0.6240234375 0.6796875 0.05419921875 0.07486979166666667
0 0.58447265625 0.6334635416666666 0.0302734375 0.038411458333333336
0 0.955078125 0.6770833333333334 0.05029296875 0.06901041666666667