0 0.34619140625 0.3782552083333333 0.13720703125 0.2421875
0 0.44970703125 0.4361979166666667 0.09619140625 0.16796875
0 0.6884765625 0.439453125 0.09326171875 0.16796875
0 0.56689453125 0.6458333333333334 0.18798828125 0.24869791666666666
0 0.51806640625 0.33984375 0.06689453125 0.09244791666666667
0 0.5126953125 0.3059895833333333 0.05126953125 0.076171875
0 0.46728515625 0.2760416666666667 0.044921875 0.060546875
0 0.44482421875 0.24739583333333334 0.025390625 0.045572916666666664
0 0.40234375 0.2825520833333333 0.04296875 0.07161458333333333
0 0.4248046875 0.3430989583333333 0.04736328125 0.08984375
0 0.25732421875 0.23177083333333334 0.0341796875 0.056640625
0 0.23486328125 0.23307291666666666 0.03369140625 0.052083333333333336
0 0.10498046875 0.23763020833333334 0.0439453125 0.064453125
0 0.03466796875 0.2799479166666667 0.04541015625 0.07096354166666667