0 0.17647058823529413 0.5229681978798587 0.08 0.127208480565371
0 0.10588235294117647 0.4734982332155477 0.07058823529411765 0.12014134275618374
0 0.027058823529411764 0.4169611307420495 0.04941176470588235 0.08480565371024736
0 0.06941176470588235 0.38162544169611307 0.04470588235294118 0.08480565371024736
0 0.04823529411764706 0.31802120141342755 0.03529411764705882 0.04946996466431095
0 0.15411764705882353 0.4081272084805654 0.058823529411764705 0.08833922261484099
0 0.24 0.3586572438162544 0.03294117647058824 0.06007067137809187
0 0.2823529411764706 0.43462897526501765 0.06588235294117648 0.11307420494699646
0 0.33294117647058824 0.35159010600706714 0.03058823529411765 0.053003533568904596
0 0.3835294117647059 0.3392226148409894 0.03764705882352941 0.0706713780918728
0 0.4576470588235294 0.22084805653710246 0.1388235294117647 0.2508833922261484
0 0.5517647058823529 0.31448763250883394 0.03529411764705882 0.0706713780918728
0 0.591764705882353 0.38515901060070673 0.04941176470588235 0.09187279151943463
0 0.6129411764705882 0.32685512367491165 0.03529411764705882 0.053003533568904596
0 0.6411764705882353 0.2968197879858657 0.02588235294117647 0.05653710247349823
0 0.6588235294117647 0.3286219081272085 0.02823529411764706 0.04946996466431095
0 0.6823529411764706 0.3374558303886926 0.023529411764705882 0.053003533568904596
0 0.7352941176470589 0.37985865724381623 0.05411764705882353 0.08833922261484099
0 0.7858823529411765 0.46996466431095407 0.08941176470588236 0.1413427561837456
0 0.7494117647058823 0.30918727915194344 0.03529411764705882 0.053003533568904596
0 0.7776470588235294 0.31448763250883394 0.02588235294117647 0.05653710247349823
0 0.8 0.3339222614840989 0.042352941176470586 0.0812720848056537
0 0.8541176470588235 0.3833922261484099 0.047058823529411764 0.08833922261484099
0 0.8776470588235294 0.45936395759717313 0.05647058823529412 0.11307420494699646
0 0.8717647058823529 0.2314487632508834 0.03058823529411765 0.045936395759717315
0 0.9 0.30742049469964666 0.03058823529411765 0.0636042402826855
0 0.951764705882353 0.3409893992932862 0.03529411764705882 0.06713780918727916
0 0.9588235294117647 0.2915194346289753 0.03058823529411765 0.053003533568904596