0 0.06321839080459771 0.5467625899280576 0.08374384236453201 0.18705035971223022
0 0.0812807881773399 0.7715827338129496 0.1297208538587849 0.24820143884892087
0 0.13711001642036125 0.4982014388489209 0.06403940886699508 0.18345323741007194
0 0.09195402298850575 0.41906474820143885 0.06239737274220033 0.14028776978417265
0 0.23563218390804597 0.4352517985611511 0.054187192118226604 0.15827338129496402
0 0.2684729064039409 0.6402877697841727 0.10344827586206896 0.2158273381294964
0 0.3251231527093596 0.5251798561151079 0.06896551724137931 0.15827338129496402
0 0.3850574712643678 0.44964028776978415 0.07060755336617405 0.1510791366906475
0 0.5574712643678161 0.08633093525179857 0.05090311986863711 0.1510791366906475
0 0.7430213464696224 0.39928057553956836 0.05090311986863711 0.12949640287769784
0 0.7725779967159278 0.45143884892086333 0.06732348111658457 0.17625899280575538
0 0.8784893267651889 0.5107913669064749 0.09852216748768473 0.2446043165467626
0 0.9334975369458128 0.3920863309352518 0.07060755336617405 0.17985611510791366
0 0.9729064039408867 0.4370503597122302 0.05090311986863711 0.17625899280575538