0 0.0458984375 0.41123778501628666 0.04052734375 0.06758957654723127
0 0.076171875 0.4153094462540717 0.0419921875 0.0724755700325733
0 0.1318359375 0.4788273615635179 0.0615234375 0.11644951140065146
0 0.21826171875 0.509771986970684 0.0810546875 0.15309446254071662
0 0.2978515625 0.3737785016286645 0.0263671875 0.046416938110749185
0 0.3388671875 0.41286644951140067 0.03857421875 0.06188925081433225
0 0.38427734375 0.6514657980456026 0.1083984375 0.2288273615635179
0 0.41748046875 0.4153094462540717 0.03125 0.06677524429967427
0 0.43701171875 0.44136807817589574 0.0439453125 0.07654723127035831
0 0.51708984375 0.4201954397394137 0.02587890625 0.052931596091205214
0 0.54736328125 0.42671009771986973 0.02783203125 0.057003257328990226
0 0.58544921875 0.4600977198697068 0.0380859375 0.07654723127035831
0 0.6240234375 0.5171009771986971 0.060546875 0.11807817589576547
0 0.607421875 0.44055374592833874 0.029296875 0.057003257328990226
0 0.64208984375 0.4372964169381108 0.03369140625 0.06596091205211727
0 0.69970703125 0.5 0.0537109375 0.09690553745928339
0 0.70654296875 0.4210097719869707 0.03955078125 0.0732899022801303
0 0.83544921875 0.5667752442996743 0.08056640625 0.14332247557003258
0 0.82373046875 0.4755700325732899 0.03857421875 0.07084690553745929
0 0.9267578125 0.48452768729641693 0.05712890625 0.1001628664495114