0 0.054375 0.5908333333333333 0.03125 0.04833333333333333
0 0.075625 0.5766666666666667 0.02875 0.05
0 0.145625 0.5941666666666666 0.03125 0.045
0 0.21125 0.6008333333333333 0.0325 0.04833333333333333
0 0.251875 0.645 0.04875 0.07
0 0.268125 0.5266666666666666 0.01875 0.02666666666666667
0 0.41 0.7958333333333333 0.1 0.145
0 0.389375 0.6458333333333334 0.03125 0.058333333333333334
0 0.408125 0.6 0.03125 0.043333333333333335
0 0.496875 0.5975 0.02875 0.041666666666666664
0 0.475625 0.5908333333333333 0.02875 0.03833333333333333
0 0.52625 0.5858333333333333 0.0275 0.041666666666666664
0 0.64 0.7625 0.085 0.135
0 0.586875 0.5791666666666667 0.02375 0.03833333333333333
0 0.61625 0.6191666666666666 0.035 0.045
0 0.631875 0.5933333333333334 0.03375 0.043333333333333335
0 0.616875 0.5608333333333333 0.02125 0.035
0 0.66875 0.5675 0.0225 0.03166666666666667
0 0.69 0.5516666666666666 0.0175 0.03666666666666667
0 0.719375 0.5691666666666667 0.02375 0.03833333333333333
0 0.735 0.5966666666666667 0.0325 0.05
0 0.76625 0.6358333333333334 0.0375 0.051666666666666666
0 0.78125 0.5466666666666666 0.025 0.03
0 0.830625 0.6216666666666667 0.04125 0.06666666666666667
0 0.874375 0.6175 0.04125 0.065
0 0.86625 0.5791666666666667 0.0225 0.03833333333333333
0 0.830625 0.5575 0.01875 0.03833333333333333
0 0.801875 0.55 0.01625 0.03
0 0.90125 0.555 0.025 0.03
0 0.9425 0.5608333333333333 0.02 0.03166666666666667
0 0.92 0.615 0.035 0.056666666666666664
0 0.98125 0.5891666666666666 0.0275 0.04833333333333333