0 0.04830053667262969 0.569377990430622 0.025044722719141325 0.04784688995215311
0 0.026833631484794274 0.5681818181818182 0.028622540250447227 0.04066985645933014
0 0.09570661896243292 0.5909090909090909 0.03398926654740608 0.05263157894736842
0 0.12343470483005367 0.5610047846889952 0.03577817531305903 0.03588516746411483
0 0.16994633273703041 0.5825358851674641 0.028622540250447227 0.045454545454545456
0 0.2638640429338104 0.49521531100478466 0.07334525939177101 0.11483253588516747
0 0.3416815742397138 0.5717703349282297 0.028622540250447227 0.0430622009569378
0 0.3747763864042934 0.5717703349282297 0.03041144901610018 0.04784688995215311
0 0.41949910554561715 0.611244019138756 0.03756708407871199 0.050239234449760764
0 0.40518783542039355 0.5143540669856459 0.023255813953488372 0.028708133971291867
0 0.48300536672629696 0.6016746411483254 0.03577817531305903 0.0645933014354067
0 0.5277280858676208 0.5921052631578947 0.03220035778175313 0.045454545454545456
0 0.5483005366726297 0.6543062200956937 0.06618962432915922 0.1076555023923445
0 0.575134168157424 0.6244019138755981 0.03756708407871199 0.05741626794258373
0 0.6949910554561717 0.6435406698564593 0.04830053667262969 0.0861244019138756
0 0.6261180679785331 0.5944976076555024 0.028622540250447227 0.045454545454545456
0 0.6073345259391771 0.4820574162679426 0.01967799642218247 0.03588516746411483
0 0.5930232558139535 0.465311004784689 0.01967799642218247 0.03110047846889952
0 0.738819320214669 0.583732057416268 0.02146690518783542 0.03349282296650718
0 0.813953488372093 0.5239234449760766 0.025044722719141325 0.03827751196172249
0 0.8622540250447227 0.611244019138756 0.03577817531305903 0.050239234449760764
0 0.8032200357781754 0.631578947368421 0.046511627906976744 0.07177033492822966
0 0.7808586762075134 0.5885167464114832 0.026833631484794274 0.03827751196172249
0 0.7602862254025045 0.5765550239234449 0.014311270125223614 0.03349282296650718
0 0.9177101967799642 0.6327751196172249 0.057245080500894455 0.06937799043062201
0 0.8935599284436494 0.5789473684210527 0.01967799642218247 0.028708133971291867
0 0.9311270125223614 0.583732057416268 0.01967799642218247 0.028708133971291867
0 0.9391771019677997 0.5729665071770335 0.017889087656529516 0.02631578947368421
0 0.9767441860465116 0.5909090909090909 0.028622540250447227 0.04784688995215311