0 0.0475 0.6122194513715711 0.055 0.08728179551122195
0 0.0875 0.5548628428927681 0.035 0.05236907730673317
0 0.10833333333333334 0.5922693266832918 0.04 0.057356608478802994
0 0.14666666666666667 0.7593516209476309 0.09666666666666666 0.15211970074812967
0 0.16583333333333333 0.8391521197007481 0.11166666666666666 0.1571072319201995
0 0.2825 0.8503740648379052 0.125 0.2344139650872818
0 0.3125 0.6945137157107232 0.06833333333333333 0.10224438902743142
0 0.26166666666666666 0.6982543640897756 0.06333333333333334 0.08478802992518704
0 0.2633333333333333 0.6396508728179551 0.05 0.0773067331670823
0 0.15583333333333332 0.6321695760598504 0.055 0.08229426433915212
0 0.17916666666666667 0.6022443890274314 0.045 0.06733167082294264
0 0.3 0.6059850374064838 0.04 0.059850374064837904
0 0.37833333333333335 0.6496259351620948 0.056666666666666664 0.09226932668329177
0 0.5208333333333334 0.4451371571072319 0.125 0.22693266832917705
0 0.6516666666666666 0.7855361596009975 0.08666666666666667 0.18453865336658354
0 0.7116666666666667 0.6396508728179551 0.05 0.09725685785536159
0 0.765 0.6359102244389028 0.056666666666666664 0.10972568578553615
0 0.825 0.628428927680798 0.06 0.09975062344139651
0 0.8166666666666667 0.7930174563591023 0.08 0.13466334164588528
0 0.9191666666666667 0.8291770573566085 0.115 0.1770573566084788
0 0.9191666666666667 0.7019950124688279 0.055 0.09226932668329177
0 0.91 0.6159600997506235 0.05 0.0798004987531172
0 0.9708333333333333 0.6321695760598504 0.051666666666666666 0.0773067331670823
0 0.975 0.7643391521197007 0.04666666666666667 0.1371571072319202