0 0.15234375 0.6813186813186813 0.08447265625 0.10402930402930403
0 0.11083984375 0.5699633699633699 0.0478515625 0.07838827838827839
0 0.16162109375 0.5875457875457876 0.05126953125 0.073992673992674
0 0.251953125 0.5465201465201465 0.03515625 0.05860805860805861
0 0.34814453125 0.5531135531135531 0.0458984375 0.0761904761904762
0 0.39501953125 0.5758241758241758 0.04736328125 0.08864468864468865
0 0.51953125 0.6498168498168498 0.0791015625 0.11282051282051282
0 0.51416015625 0.5633699633699634 0.03955078125 0.073992673992674
0 0.59912109375 0.5516483516483517 0.03369140625 0.063003663003663
0 0.64501953125 0.6315018315018315 0.05712890625 0.09963369963369964
0 0.64013671875 0.589010989010989 0.05029296875 0.08717948717948718
0 0.67431640625 0.5714285714285714 0.02880859375 0.07106227106227106
0 0.70849609375 0.5421245421245421 0.03076171875 0.04908424908424908
0 0.796875 0.5304029304029304 0.0263671875 0.04542124542124542
0 0.8056640625 0.5684981684981685 0.03369140625 0.06373626373626373
0 0.8291015625 0.5663003663003663 0.02685546875 0.05641025641025641
0 0.85205078125 0.5633699633699634 0.04248046875 0.08937728937728938
0 0.91796875 0.5816849816849817 0.048828125 0.08937728937728938
0 0.9326171875 0.7326007326007326 0.0859375 0.1443223443223443
0 0.99365234375 0.5384615384615384 0.01220703125 0.035897435897435895