0 0.05078125 0.611328125 0.080078125 0.11002604166666667
0 0.1083984375 0.6256510416666666 0.0546875 0.08528645833333333
0 0.123046875 0.5846354166666666 0.0400390625 0.068359375
0 0.16259765625 0.5930989583333334 0.052734375 0.078125
0 0.2783203125 0.5970052083333334 0.119140625 0.189453125
0 0.35107421875 0.5865885416666666 0.0390625 0.072265625
0 0.43212890625 0.615234375 0.087890625 0.12890625
0 0.4462890625 0.392578125 0.04833984375 0.08528645833333333
0 0.54345703125 0.5703125 0.03857421875 0.07291666666666667
0 0.578125 0.607421875 0.06494140625 0.103515625
0 0.60009765625 0.5559895833333334 0.03125 0.04296875
0 0.5615234375 0.5533854166666666 0.0224609375 0.050130208333333336
0 0.65185546875 0.6139322916666666 0.0546875 0.087890625
0 0.68115234375 0.572265625 0.03857421875 0.06705729166666667
0 0.70654296875 0.5553385416666666 0.03515625 0.06770833333333333
0 0.755859375 0.5416666666666666 0.025390625 0.042317708333333336
0 0.8505859375 0.3821614583333333 0.11865234375 0.18815104166666666
0 0.8203125 0.642578125 0.1494140625 0.255859375