0 0.05029296875 0.4798177083333333 0.044921875 0.060546875
0 0.08935546875 0.5397135416666666 0.0546875 0.06901041666666667
0 0.31494140625 0.5299479166666666 0.05908203125 0.08268229166666667
0 0.29052734375 0.4837239583333333 0.041015625 0.06575520833333333
0 0.42236328125 0.591796875 0.10205078125 0.14713541666666666
0 0.48681640625 0.5546875 0.0478515625 0.091796875
0 0.45849609375 0.4635416666666667 0.03662109375 0.061848958333333336
0 0.560546875 0.4967447916666667 0.0322265625 0.0546875
0 0.62939453125 0.4947916666666667 0.04931640625 0.08463541666666667
0 0.69970703125 0.5729166666666666 0.078125 0.13541666666666666
0 0.8369140625 0.525390625 0.0478515625 0.08138020833333333