0 0.09326171875 0.6597938144329897 0.0986328125 0.13549337260677466
0 0.07177734375 0.6060382916053019 0.0927734375 0.10456553755522828
0 0.21630859375 0.658321060382916 0.0849609375 0.15905743740795286
0 0.19921875 0.9072164948453608 0.185546875 0.18262150220913106
0 0.24658203125 0.5706921944035346 0.0595703125 0.09278350515463918
0 0.310546875 0.5596465390279823 0.07421875 0.11487481590574374
0 0.39404296875 0.5765832106038291 0.0673828125 0.1134020618556701
0 0.4248046875 0.5353460972017673 0.05078125 0.09867452135493372
0 0.49609375 0.5972017673048601 0.06640625 0.11929307805596466
0 0.5009765625 0.5309278350515464 0.060546875 0.08394698085419734
0 0.4765625 0.7614138438880707 0.11328125 0.20029455081001474
0 0.59033203125 0.5331369661266568 0.0439453125 0.06774668630338733
0 0.666015625 0.5316642120765832 0.05078125 0.08541973490427099
0 0.6826171875 0.4793814432989691 0.048828125 0.0780559646539028
0 0.7255859375 0.5338733431516937 0.060546875 0.09867452135493372
0 0.75439453125 0.5014727540500736 0.0400390625 0.07511045655375552
0 0.76611328125 0.7606774668630338 0.1162109375 0.24005891016200295
0 0.85302734375 0.8873343151693667 0.1650390625 0.22238586156111928
0 0.7822265625 0.6303387334315169 0.08984375 0.16494845360824742
0 0.83154296875 0.5154639175257731 0.0458984375 0.08836524300441827
0 0.91552734375 0.5198821796759941 0.0498046875 0.07952871870397643
0 0.95361328125 0.5832106038291606 0.0751953125 0.12960235640648013