0 0.0341796875 0.7513020833333334 0.05810546875 0.09049479166666667
0 0.11669921875 0.7779947916666666 0.0927734375 0.11848958333333333
0 0.345703125 0.779296875 0.0673828125 0.11002604166666667
0 0.34423828125 0.73046875 0.0537109375 0.076171875
0 0.46044921875 0.7213541666666666 0.072265625 0.09635416666666667
0 0.57177734375 0.5865885416666666 0.05078125 0.09244791666666667
0 0.68115234375 0.751953125 0.0654296875 0.10481770833333333
0 0.75048828125 0.7819010416666666 0.06787109375 0.10026041666666667
0 0.82421875 0.7317708333333334 0.060546875 0.1015625
0 0.89208984375 0.7513020833333334 0.0625 0.10416666666666667
0 0.94287109375 0.7330729166666666 0.05810546875 0.08854166666666667