0 0.056363636363636366 0.5431547619047619 0.04363636363636364 0.08035714285714286
0 0.16090909090909092 0.6011904761904762 0.07454545454545454 0.13690476190476192
0 0.2509090909090909 0.5654761904761905 0.03636363636363636 0.06547619047619048
0 0.2736363636363636 0.5535714285714286 0.034545454545454546 0.06547619047619048
0 0.35909090909090907 0.5877976190476191 0.06 0.09226190476190477
0 0.38636363636363635 0.5535714285714286 0.04181818181818182 0.05952380952380952
0 0.42727272727272725 0.5461309523809523 0.01818181818181818 0.03869047619047619
0 0.4672727272727273 0.49702380952380953 0.02181818181818182 0.041666666666666664
0 0.48 0.5863095238095238 0.04363636363636364 0.08928571428571429
0 0.5181818181818182 0.6800595238095238 0.08363636363636363 0.1636904761904762
0 0.5881818181818181 0.5952380952380952 0.045454545454545456 0.06547619047619048
0 0.5872727272727273 0.5446428571428571 0.02909090909090909 0.047619047619047616
0 0.6018181818181818 0.5 0.01818181818181818 0.03571428571428571
0 0.6090909090909091 0.5476190476190477 0.02181818181818182 0.041666666666666664
0 0.6290909090909091 0.5431547619047619 0.01818181818181818 0.03273809523809524
0 0.6436363636363637 0.5461309523809523 0.02909090909090909 0.05654761904761905
0 0.6854545454545454 0.5729166666666666 0.04 0.0744047619047619
0 0.7109090909090909 0.48660714285714285 0.01818181818181818 0.044642857142857144
0 0.7345454545454545 0.5416666666666666 0.02181818181818182 0.041666666666666664
0 0.7518181818181818 0.5461309523809523 0.023636363636363636 0.03869047619047619
0 0.7654545454545455 0.5744047619047619 0.02909090909090909 0.05952380952380952
0 0.7809090909090909 0.5505952380952381 0.02 0.041666666666666664
0 0.7972727272727272 0.5654761904761905 0.023636363636363636 0.041666666666666664
0 0.8327272727272728 0.5684523809523809 0.02909090909090909 0.047619047619047616
0 0.7036363636363636 0.6875 0.06181818181818182 0.125
0 0.8490909090909091 0.6458333333333334 0.05454545454545454 0.10714285714285714
0 0.9109090909090909 0.6190476190476191 0.04727272727272727 0.10119047619047619
0 0.9463636363636364 0.6041666666666666 0.045454545454545456 0.07142857142857142
0 0.9327272727272727 0.5014880952380952 0.02181818181818182 0.050595238095238096
0 0.9863636363636363 0.6056547619047619 0.023636363636363636 0.06845238095238096