0 0.047058823529411764 0.6325088339222615 0.08 0.13427561837455831
0 0.04941176470588235 0.5318021201413428 0.06588235294117648 0.09540636042402827
0 0.10352941176470588 0.588339222614841 0.0611764705882353 0.09540636042402827
0 0.19176470588235295 0.5265017667844523 0.06823529411764706 0.0989399293286219
0 0.2647058823529412 0.6289752650176679 0.07294117647058823 0.12014134275618374
0 0.25882352941176473 0.5565371024734982 0.06588235294117648 0.09540636042402827
0 0.4176470588235294 0.3710247349823322 0.04941176470588235 0.08480565371024736
0 0.36 0.7279151943462897 0.09411764705882353 0.1625441696113074
0 0.4223529411764706 0.5936395759717314 0.07294117647058823 0.12014134275618374
0 0.5023529411764706 0.6713780918727915 0.07294117647058823 0.12014134275618374
0 0.6247058823529412 0.6360424028268551 0.06352941176470588 0.0989399293286219
0 0.8505882352941176 0.5671378091872792 0.07764705882352942 0.12367491166077739