0 0.04609375 0.265625 0.040625 0.05
0 0.1140625 0.29270833333333335 0.0328125 0.04791666666666667
0 0.166796875 0.27447916666666666 0.02890625 0.04479166666666667
0 0.248046875 0.34270833333333334 0.05078125 0.06666666666666667
0 0.3171875 0.27291666666666664 0.0421875 0.08333333333333333
0 0.3640625 0.28072916666666664 0.03125 0.053125
0 0.391015625 0.3140625 0.04296875 0.06145833333333333
0 0.440234375 0.3140625 0.03203125 0.04479166666666667
0 0.494140625 0.32916666666666666 0.05546875 0.08125
0 0.46953125 0.3260416666666667 0.0328125 0.05
0 0.558203125 0.321875 0.03828125 0.058333333333333334
0 0.58515625 0.33177083333333335 0.0390625 0.06770833333333333
0 0.638671875 0.3541666666666667 0.04453125 0.06875
0 0.744140625 0.39114583333333336 0.05390625 0.084375
0 0.741015625 0.325 0.05234375 0.07291666666666667
0 0.844140625 0.34739583333333335 0.05703125 0.078125
0 0.896484375 0.3463541666666667 0.07109375 0.09479166666666666
0 0.27734375 0.2765625 0.0265625 0.036458333333333336
0 0.2375 0.28020833333333334 0.0359375 0.05416666666666667
0 0.199609375 0.29010416666666666 0.03359375 0.046875