0 0.10693359375 0.9106227106227106 0.1943359375 0.17875457875457876
0 0.23486328125 0.8483516483516483 0.13818359375 0.2468864468864469
0 0.39892578125 0.7047619047619048 0.09765625 0.20512820512820512
0 0.49462890625 0.6732600732600733 0.07568359375 0.13846153846153847
0 0.5654296875 0.6234432234432234 0.06103515625 0.12161172161172161
0 0.62548828125 0.5377289377289377 0.0478515625 0.08205128205128205
0 0.85595703125 0.3772893772893773 0.07763671875 0.12454212454212454
0 0.70751953125 0.5362637362637362 0.02978515625 0.054945054945054944
0 0.755859375 0.48864468864468863 0.01708984375 0.040293040293040296
0 0.6337890625 0.484981684981685 0.02294921875 0.03956043956043956
0 0.646484375 0.473992673992674 0.01953125 0.03663003663003663
0 0.65771484375 0.4608058608058608 0.0234375 0.03296703296703297
0 0.61279296875 0.48717948717948717 0.021484375 0.041025641025641026
0 0.58984375 0.49523809523809526 0.025390625 0.04835164835164835
0 0.5595703125 0.5164835164835165 0.0302734375 0.05934065934065934
0 0.51318359375 0.5619047619047619 0.052734375 0.09377289377289377
0 0.44384765625 0.5384615384615384 0.04345703125 0.08717948717948718
0 0.3720703125 0.5465201465201465 0.05224609375 0.08937728937728938
0 0.26171875 0.5853479853479854 0.05908203125 0.09157509157509157
0 0.14208984375 0.6512820512820513 0.0771484375 0.12161172161172161
0 0.16845703125 0.578021978021978 0.060546875 0.10842490842490843
0 0.45751953125 0.47619047619047616 0.02734375 0.060805860805860805
0 0.48291015625 0.48205128205128206 0.01708984375 0.035897435897435895
0 0.51708984375 0.48424908424908425 0.0224609375 0.040293040293040296
0 0.53662109375 0.4666666666666667 0.02197265625 0.040293040293040296
0 0.5595703125 0.45567765567765567 0.02197265625 0.041025641025641026
0 0.58740234375 0.44468864468864466 0.02001953125 0.03663003663003663
0 0.5029296875 0.44981684981684983 0.0185546875 0.03223443223443224
0 0.4091796875 0.45714285714285713 0.02392578125 0.041025641025641026
0 0.4384765625 0.43003663003663006 0.01611328125 0.02783882783882784
0 0.3798828125 0.4564102564102564 0.02099609375 0.046886446886446886
0 0.3359375 0.46153846153846156 0.02197265625 0.04249084249084249
0 0.2939453125 0.44468864468864466 0.02490234375 0.04468864468864469
0 0.27734375 0.5106227106227106 0.04052734375 0.06153846153846154
0 0.31396484375 0.42637362637362636 0.02001953125 0.03956043956043956
0 0.22021484375 0.5084249084249084 0.04931640625 0.07765567765567766
0 0.12744140625 0.5377289377289377 0.04443359375 0.07106227106227106
0 0.13916015625 0.4717948717948718 0.044921875 0.06153846153846154
0 0.0576171875 0.4695970695970696 0.0478515625 0.07472527472527472
0 0.02099609375 0.5362637362637362 0.0380859375 0.10622710622710622
0 0.06640625 0.40293040293040294 0.0224609375 0.04542124542124542
0 0.046875 0.37216117216117217 0.0146484375 0.026373626373626374
0 0.01806640625 0.3626373626373626 0.01708984375 0.02490842490842491
0 0.0859375 0.3802197802197802 0.015625 0.02564102564102564
0 0.1083984375 0.40073260073260075 0.01953125 0.034432234432234435
0 0.12890625 0.3824175824175824 0.015625 0.02490842490842491
0 0.15283203125 0.38095238095238093 0.013671875 0.02564102564102564
0 0.1474609375 0.4087912087912088 0.01904296875 0.035164835164835165
0 0.1630859375 0.3728937728937729 0.0146484375 0.023443223443223443
0 0.1923828125 0.3882783882783883 0.02001953125 0.03296703296703297
0 0.23046875 0.40073260073260075 0.0185546875 0.03223443223443224
0 0.25341796875 0.4117216117216117 0.01708984375 0.03076923076923077
0 0.2197265625 0.3992673992673993 0.01513671875 0.018315018315018316