0 0.11767578125 0.7356770833333334 0.0947265625 0.13932291666666666
0 0.17333984375 0.6412760416666666 0.0673828125 0.09244791666666667
0 0.2333984375 0.5970052083333334 0.04931640625 0.06770833333333333
0 0.27490234375 0.611328125 0.05712890625 0.07161458333333333
0 0.2744140625 0.5533854166666666 0.0341796875 0.049479166666666664
0 0.314453125 0.53125 0.02685546875 0.044921875
0 0.326171875 0.5123697916666666 0.021484375 0.032552083333333336
0 0.28271484375 0.4622395833333333 0.02197265625 0.038411458333333336
0 0.34521484375 0.4615885416666667 0.02001953125 0.035807291666666664
0 0.43310546875 0.556640625 0.03173828125 0.045572916666666664
0 0.45751953125 0.5631510416666666 0.037109375 0.050130208333333336
0 0.5087890625 0.5963541666666666 0.0634765625 0.08723958333333333
0 0.44287109375 0.533203125 0.0244140625 0.024739583333333332
0 0.4296875 0.5234375 0.0283203125 0.037760416666666664
0 0.9013671875 0.4739583333333333 0.0341796875 0.052083333333333336