0 0.26806640625 0.17903645833333334 0.04296875 0.06380208333333333
0 0.59130859375 0.3502604166666667 0.025390625 0.044921875
0 0.63427734375 0.376953125 0.0244140625 0.040364583333333336
0 0.6591796875 0.3671875 0.02587890625 0.046875
0 0.69580078125 0.3697916666666667 0.03173828125 0.044270833333333336
0 0.7265625 0.380859375 0.03369140625 0.0390625
0 0.7802734375 0.3919270833333333 0.0361328125 0.057291666666666664
0 0.81396484375 0.4010416666666667 0.03857421875 0.047526041666666664
0 0.86328125 0.408203125 0.0302734375 0.0546875
0 0.92724609375 0.4147135416666667 0.0439453125 0.057291666666666664
0 0.97412109375 0.4544270833333333 0.03857421875 0.050130208333333336
0 0.966796875 0.5188802083333334 0.0654296875 0.09049479166666667
0 0.9541015625 0.6100260416666666 0.0859375 0.099609375
0 0.798828125 0.5989583333333334 0.09033203125 0.14127604166666666
0 0.84716796875 0.5865885416666666 0.07470703125 0.13020833333333334
0 0.71484375 0.6321614583333334 0.099609375 0.1171875
0 0.6162109375 0.6477864583333334 0.107421875 0.15885416666666666
0 0.53271484375 0.7994791666666666 0.12890625 0.193359375
0 0.3681640625 0.6477864583333334 0.08349609375 0.13346354166666666
0 0.29931640625 0.6002604166666666 0.07763671875 0.123046875
0 0.19970703125 0.6100260416666666 0.0771484375 0.107421875
0 0.19189453125 0.5533854166666666 0.06640625 0.08333333333333333
0 0.162109375 0.515625 0.060546875 0.076171875
0 0.1484375 0.4720052083333333 0.05078125 0.064453125
0 0.119140625 0.4602864583333333 0.04345703125 0.06966145833333333
0 0.07470703125 0.4381510416666667 0.0498046875 0.08072916666666667
0 0.05126953125 0.4114583333333333 0.04638671875 0.06770833333333333