0 0.34033203125 0.3446180555555556 0.126953125 0.2769097222222222
0 0.533203125 0.2951388888888889 0.09716796875 0.1892361111111111
0 0.70068359375 0.3211805555555556 0.10986328125 0.24479166666666666
0 0.94384765625 0.3307291666666667 0.111328125 0.22135416666666666
0 0.9091796875 0.2708333333333333 0.07861328125 0.1779513888888889
0 0.83837890625 0.2387152777777778 0.06689453125 0.1423611111111111
0 0.75146484375 0.2170138888888889 0.048828125 0.109375
0 0.63134765625 0.2638888888888889 0.056640625 0.11631944444444445
0 0.65234375 0.1814236111111111 0.05029296875 0.09895833333333333
0 0.5908203125 0.2109375 0.0234375 0.046875
0 0.5693359375 0.24305555555555555 0.04052734375 0.08072916666666667
0 0.4853515625 0.21180555555555555 0.02685546875 0.059895833333333336
0 0.525390625 0.1909722222222222 0.041015625 0.07899305555555555
0 0.41552734375 0.2847222222222222 0.0439453125 0.0920138888888889
0 0.39404296875 0.234375 0.03857421875 0.0720486111111111
0 0.25439453125 0.2760416666666667 0.04345703125 0.09635416666666667
0 0.21875 0.21788194444444445 0.03662109375 0.08333333333333333
0 0.158203125 0.3142361111111111 0.07666015625 0.16493055555555555
0 0.10498046875 0.4314236111111111 0.10400390625 0.1970486111111111
0 0.08349609375 0.2560763888888889 0.05859375 0.11631944444444445
0 0.14404296875 0.21006944444444445 0.05810546875 0.1076388888888889
0 0.18994140625 0.234375 0.0390625 0.09288194444444445