0 0.11795774647887323 0.57421875 0.05985915492957746 0.1015625
0 0.0721830985915493 0.56171875 0.05516431924882629 0.0859375
0 0.056924882629107984 0.51171875 0.04107981220657277 0.0671875
0 0.03697183098591549 0.4515625 0.03169014084507042 0.053125
0 0.02699530516431925 0.42109375 0.03051643192488263 0.0453125
0 0.051643192488262914 0.38125 0.028169014084507043 0.046875
0 0.0886150234741784 0.40390625 0.02699530516431925 0.0421875
0 0.09859154929577464 0.4359375 0.03051643192488263 0.05
0 0.13849765258215962 0.46796875 0.03286384976525822 0.0609375
0 0.16549295774647887 0.503125 0.03755868544600939 0.06875
0 0.20481220657276994 0.5421875 0.04107981220657277 0.078125
0 0.21889671361502347 0.51640625 0.03403755868544601 0.0609375
0 0.24237089201877934 0.49609375 0.03169014084507042 0.0546875
0 0.25938967136150237 0.44609375 0.035211267605633804 0.0578125
0 0.2306338028169014 0.42265625 0.022300469483568074 0.0390625
0 0.23650234741784038 0.38046875 0.02699530516431925 0.0484375
0 0.1936619718309859 0.4625 0.035211267605633804 0.059375
0 0.176056338028169 0.4109375 0.023474178403755867 0.040625
0 0.14906103286384975 0.43125 0.03051643192488263 0.0375
0 0.13791079812206572 0.384375 0.02699530516431925 0.04375
0 0.2822769953051643 0.61328125 0.06455399061032864 0.1046875
0 0.3609154929577465 0.5453125 0.04342723004694836 0.075
0 0.3926056338028169 0.578125 0.04812206572769953 0.084375
0 0.3362676056338028 0.48046875 0.03873239436619718 0.0609375
0 0.3427230046948357 0.4171875 0.023474178403755867 0.040625
0 0.3755868544600939 0.40625 0.025821596244131457 0.0375
0 0.4154929577464789 0.375 0.028169014084507043 0.04375
0 0.43779342723004694 0.3828125 0.023474178403755867 0.034375
0 0.4336854460093897 0.41328125 0.02464788732394366 0.0421875
0 0.409037558685446 0.44765625 0.03873239436619718 0.0640625
0 0.49061032863849763 0.4953125 0.03755868544600939 0.059375
0 0.49765258215962443 0.446875 0.028169014084507043 0.04375
0 0.47007042253521125 0.40859375 0.022300469483568074 0.0453125
0 0.48063380281690143 0.38984375 0.022300469483568074 0.0453125
0 0.5176056338028169 0.44140625 0.025821596244131457 0.0453125
0 0.5375586854460094 0.42109375 0.025821596244131457 0.0421875
0 0.5610328638497653 0.4765625 0.03051643192488263 0.05
0 0.5710093896713615 0.44609375 0.022300469483568074 0.0453125
0 0.5757042253521126 0.4203125 0.017605633802816902 0.03125
0 0.5868544600938967 0.384375 0.018779342723004695 0.0375
0 0.6056338028169014 0.38515625 0.023474178403755867 0.0421875
0 0.6437793427230047 0.40078125 0.02464788732394366 0.0421875
0 0.6467136150234741 0.37265625 0.023474178403755867 0.0328125
0 0.6625586854460094 0.38046875 0.02464788732394366 0.0421875
0 0.687206572769953 0.3796875 0.01995305164319249 0.034375
0 0.681924882629108 0.4046875 0.023474178403755867 0.040625
0 0.6883802816901409 0.47265625 0.02699530516431925 0.0515625
0 0.7241784037558685 0.5515625 0.04929577464788732 0.08125
0 0.636150234741784 0.62421875 0.06572769953051644 0.1203125
0 0.596244131455399 0.56171875 0.04460093896713615 0.0765625
0 0.6026995305164319 0.5140625 0.03403755868544601 0.05625
0 0.6314553990610329 0.5109375 0.035211267605633804 0.0625
0 0.5258215962441315 0.5265625 0.035211267605633804 0.06875
0 0.5 0.57265625 0.04929577464788732 0.0828125
0 0.7717136150234741 0.51015625 0.03403755868544601 0.0671875
0 0.778755868544601 0.48125 0.03403755868544601 0.05
0 0.7541079812206573 0.42578125 0.02464788732394366 0.0453125
0 0.7429577464788732 0.40390625 0.01643192488262911 0.0421875
0 0.7194835680751174 0.4109375 0.023474178403755867 0.0375
0 0.7582159624413145 0.3859375 0.025821596244131457 0.05
0 0.7910798122065728 0.3984375 0.023474178403755867 0.040625
0 0.8392018779342723 0.39453125 0.028169014084507043 0.0453125
0 0.8550469483568075 0.43359375 0.03403755868544601 0.0515625
0 0.8843896713615024 0.4203125 0.029342723004694836 0.046875
0 0.9143192488262911 0.42265625 0.03286384976525822 0.0515625
0 0.960093896713615 0.4390625 0.03051643192488263 0.04375
0 0.9859154929577465 0.47265625 0.025821596244131457 0.0578125
0 0.9788732394366197 0.5203125 0.03990610328638498 0.075
0 0.8867370892018779 0.60625 0.06924882629107981 0.1125
0 0.880868544600939 0.5234375 0.04812206572769953 0.071875
0 0.8474178403755869 0.521875 0.03755868544600939 0.06875