0 0.13671875 0.6043956043956044 0.134765625 0.21465201465201464
0 0.056640625 0.5142857142857142 0.09375 0.1391941391941392
0 0.2099609375 0.5113553113553113 0.07763671875 0.12161172161172161
0 0.22705078125 0.4388278388278388 0.05224609375 0.09157509157509157
0 0.29150390625 0.42417582417582417 0.05517578125 0.09963369963369964
0 0.3564453125 0.5824175824175825 0.13720703125 0.21978021978021978
0 0.35693359375 0.47619047619047616 0.087890625 0.126007326007326
0 0.3935546875 0.4043956043956044 0.0673828125 0.11282051282051282
0 0.52392578125 0.4937728937728938 0.0927734375 0.14652014652014653
0 0.529296875 0.4117216117216117 0.05859375 0.10183150183150183
0 0.5498046875 0.20146520146520147 0.029296875 0.060073260073260075
0 0.62744140625 0.42344322344322344 0.06591796875 0.10622710622710622
0 0.80810546875 0.4205128205128205 0.078125 0.11648351648351649