0 0.039711191335740074 0.689041095890411 0.032490974729241874 0.052054794520547946
0 0.09476534296028881 0.6821917808219178 0.02707581227436823 0.049315068493150684
0 0.12184115523465704 0.7123287671232876 0.03429602888086643 0.0547945205479452
0 0.1615523465703971 0.6972602739726027 0.030685920577617327 0.052054794520547946
0 0.15342960288808663 0.6561643835616439 0.02888086642599278 0.0410958904109589
0 0.20126353790613719 0.6191780821917808 0.02707581227436823 0.043835616438356165
0 0.23375451263537905 0.6027397260273972 0.023465703971119134 0.043835616438356165
0 0.19855595667870035 0.5657534246575342 0.021660649819494584 0.0410958904109589
0 0.2292418772563177 0.7643835616438356 0.04332129963898917 0.07123287671232877
0 0.24458483754512636 0.6931506849315069 0.030685920577617327 0.0547945205479452
0 0.26805054151624547 0.7383561643835617 0.03429602888086643 0.057534246575342465
0 0.29061371841155237 0.7 0.02527075812274368 0.04657534246575343
0 0.2915162454873646 0.663013698630137 0.023465703971119134 0.038356164383561646
0 0.30776173285198555 0.6506849315068494 0.019855595667870037 0.04657534246575343
0 0.2842960288808664 0.5589041095890411 0.030685920577617327 0.049315068493150684
0 0.31498194945848373 0.4931506849315068 0.01263537906137184 0.03287671232876712
0 0.3348375451263538 0.5136986301369864 0.016245487364620937 0.030136986301369864
0 0.36101083032490977 0.5273972602739726 0.018050541516245487 0.03561643835616438
0 0.34205776173285196 0.6383561643835617 0.019855595667870037 0.038356164383561646
0 0.3447653429602888 0.6123287671232877 0.02527075812274368 0.030136986301369864
0 0.36101083032490977 0.5780821917808219 0.02527075812274368 0.043835616438356165
0 0.34115523465703973 0.7150684931506849 0.032490974729241874 0.0547945205479452
0 0.3447653429602888 0.7835616438356164 0.04693140794223827 0.07671232876712329
0 0.2527075812274368 0.8452054794520548 0.05415162454873646 0.07945205479452055
0 0.3844765342960289 0.7657534246575343 0.04693140794223827 0.08493150684931507
0 0.4314079422382672 0.8575342465753425 0.07942238267148015 0.136986301369863
0 0.51985559566787 0.8013698630136986 0.06859205776173286 0.1178082191780822
0 0.4602888086642599 0.7520547945205479 0.039711191335740074 0.057534246575342465
0 0.4963898916967509 0.7191780821917808 0.032490974729241874 0.052054794520547946
0 0.3935018050541516 0.6931506849315069 0.036101083032490974 0.06027397260273973
0 0.41335740072202165 0.6383561643835617 0.02888086642599278 0.06027397260273973
0 0.434115523465704 0.6671232876712329 0.030685920577617327 0.057534246575342465
0 0.4287003610108303 0.6041095890410959 0.023465703971119134 0.0410958904109589
0 0.44314079422382674 0.6219178082191781 0.023465703971119134 0.043835616438356165
0 0.44675090252707583 0.5643835616438356 0.02707581227436823 0.043835616438356165
0 0.3935018050541516 0.4767123287671233 0.018050541516245487 0.03287671232876712
0 0.3989169675090253 0.44246575342465755 0.01444043321299639 0.024657534246575342
0 0.41245487364620936 0.44931506849315067 0.016245487364620937 0.0273972602739726
0 0.4268953068592058 0.4452054794520548 0.016245487364620937 0.030136986301369864
0 0.4404332129963899 0.4602739726027397 0.018050541516245487 0.03287671232876712
0 0.4648014440433213 0.4602739726027397 0.016245487364620937 0.03287671232876712
0 0.48285198555956677 0.4863013698630137 0.016245487364620937 0.030136986301369864
0 0.5252707581227437 0.5136986301369864 0.018050541516245487 0.03561643835616438
0 0.5388086642599278 0.5602739726027397 0.016245487364620937 0.03561643835616438
0 0.5216606498194946 0.5767123287671233 0.021660649819494584 0.03561643835616438
0 0.5135379061371841 0.6013698630136987 0.019855595667870037 0.03561643835616438
0 0.5009025270758123 0.6095890410958904 0.016245487364620937 0.0410958904109589
0 0.48285198555956677 0.6493150684931507 0.030685920577617327 0.06027397260273973
0 0.5361010830324909 0.6684931506849315 0.036101083032490974 0.0547945205479452
0 0.5532490974729242 0.6438356164383562 0.030685920577617327 0.049315068493150684
0 0.5902527075812274 0.6835616438356165 0.04332129963898917 0.0684931506849315
0 0.6200361010830325 0.6808219178082192 0.030685920577617327 0.057534246575342465
0 0.6425992779783394 0.647945205479452 0.021660649819494584 0.0410958904109589
0 0.618231046931408 0.6150684931506849 0.02707581227436823 0.04657534246575343
0 0.6814079422382672 0.6356164383561644 0.03429602888086643 0.06575342465753424
0 0.6994584837545126 0.678082191780822 0.052346570397111915 0.07397260273972603
0 0.7274368231046932 0.6767123287671233 0.04332129963898917 0.07123287671232877
0 0.7788808664259927 0.6301369863013698 0.04151624548736462 0.06575342465753424
0 0.8348375451263538 0.6342465753424658 0.03790613718411552 0.07397260273972603
0 0.8925992779783394 0.6904109589041096 0.048736462093862815 0.08767123287671233
0 0.9323104693140795 0.6534246575342466 0.048736462093862815 0.08493150684931507
0 0.9638989169675091 0.5794520547945206 0.032490974729241874 0.06301369863013699