0 0.12857142857142856 0.38629737609329445 0.061224489795918366 0.10787172011661808
0 0.17857142857142858 0.3338192419825073 0.04285714285714286 0.0728862973760933
0 0.24387755102040817 0.37755102040816324 0.05510204081632653 0.09620991253644315
0 0.3010204081632653 0.5262390670553936 0.10816326530612246 0.17201166180758018
0 0.3693877551020408 0.31341107871720114 0.036734693877551024 0.05539358600583091
0 0.49081632653061225 0.3163265306122449 0.03469387755102041 0.061224489795918366
0 0.636734693877551 0.6603498542274052 0.11836734693877551 0.18950437317784258
0 0.6163265306122448 0.33819241982507287 0.044897959183673466 0.0641399416909621
0 0.7020408163265306 0.39504373177842567 0.044897959183673466 0.0728862973760933
0 0.7255102040816327 0.35714285714285715 0.04285714285714286 0.05539358600583091
0 0.8112244897959183 0.42419825072886297 0.05918367346938776 0.09620991253644315
0 0.8061224489795918 0.34110787172011664 0.036734693877551024 0.052478134110787174
0 0.8683673469387755 0.3469387755102041 0.03469387755102041 0.052478134110787174
0 0.9438775510204082 0.35714285714285715 0.030612244897959183 0.04956268221574344