0 0.078125 0.7743813682678311 0.1005859375 0.1572052401746725
0 0.068359375 0.6986899563318777 0.0771484375 0.09243085880640466
0 0.1396484375 0.6834061135371179 0.03857421875 0.07059679767103348
0 0.16796875 0.6834061135371179 0.03076171875 0.06259097525473072
0 0.2119140625 0.7023289665211062 0.046875 0.09024745269286755
0 0.26025390625 0.7983988355167394 0.0966796875 0.17685589519650655
0 0.314453125 0.6739446870451238 0.0439453125 0.07860262008733625
0 0.3564453125 0.6564774381368268 0.02587890625 0.04148471615720524
0 0.39599609375 0.7518195050946143 0.0625 0.14192139737991266
0 0.39111328125 0.6601164483260553 0.029296875 0.05749636098981077
0 0.41259765625 0.6542940320232896 0.03369140625 0.05749636098981077
0 0.44873046875 0.6528384279475983 0.02783203125 0.040756914119359534
0 0.47705078125 0.5771470160116449 0.0224609375 0.03857350800582242
0 0.47509765625 0.7016011644832606 0.04931640625 0.09243085880640466
0 0.517578125 0.6768558951965066 0.04345703125 0.07205240174672489
0 0.53564453125 0.8020378457059679 0.10107421875 0.16666666666666666
0 0.55517578125 0.7358078602620087 0.06201171875 0.09970887918486172
0 0.5576171875 0.6703056768558951 0.0322265625 0.06259097525473072
0 0.5751953125 0.6615720524017468 0.02734375 0.05822416302765648
0 0.60400390625 0.7139737991266376 0.048828125 0.08806404657933042
0 0.61767578125 0.6739446870451238 0.03369140625 0.06040756914119359
0 0.64208984375 0.6637554585152838 0.02880859375 0.053857350800582245
0 0.6630859375 0.6513828238719068 0.02880859375 0.053857350800582245
0 0.71923828125 0.6855895196506551 0.04345703125 0.06841339155749636
0 0.7548828125 0.7496360989810772 0.07568359375 0.10334788937409024
0 0.80712890625 0.8646288209606987 0.1201171875 0.1965065502183406
0 0.888671875 0.9344978165938864 0.173828125 0.13027656477438138
0 0.9462890625 0.7918486171761281 0.0966796875 0.11499272197962154
0 0.88330078125 0.7445414847161572 0.07861328125 0.09097525473071325
0 0.8173828125 0.7197962154294032 0.029296875 0.06040756914119359
0 0.8056640625 0.6885007278020379 0.0322265625 0.05021834061135371
0 0.771484375 0.6863173216885007 0.04833984375 0.05822416302765648
0 0.84619140625 0.7008733624454149 0.03369140625 0.05822416302765648
0 0.85888671875 0.6739446870451238 0.0322265625 0.04294032023289665
0 0.90625 0.6848617176128093 0.03369140625 0.05604075691411936
0 0.9326171875 0.6972343522561864 0.04345703125 0.06841339155749636
0 0.95703125 0.6550218340611353 0.01904296875 0.03566229985443959
0 0.87890625 0.6441048034934498 0.0126953125 0.033478893740902474
0 0.89599609375 0.6470160116448326 0.01708984375 0.026200873362445413
0 0.73193359375 0.6448326055312955 0.03369140625 0.055312954876273655