0 0.128125 0.4446529080675422 0.04875 0.09380863039399624
0 0.1825 0.45778611632270166 0.065 0.0900562851782364
0 0.255625 0.5440900562851783 0.07625 0.1275797373358349
0 0.31625 0.5900562851782364 0.115 0.14446529080675422
0 0.104375 0.4474671669793621 0.04375 0.08818011257035648
0 0.285625 0.3123827392120075 0.04375 0.07692307692307693
0 0.456875 0.4230769230769231 0.04875 0.08067542213883677
0 0.554375 0.47654784240150094 0.04875 0.0900562851782364
0 0.586875 0.4399624765478424 0.03875 0.07692307692307693
0 0.61625 0.47373358348968103 0.05 0.08067542213883677
0 0.665625 0.5196998123827392 0.06625 0.10131332082551595
0 0.6875 0.47654784240150094 0.055 0.07879924953095685
0 0.8275 0.5046904315196998 0.065 0.10881801125703565
0 0.875 0.45872420262664165 0.0425 0.07317073170731707
0 0.91625 0.45872420262664165 0.045 0.07692307692307693
0 0.94 0.5037523452157598 0.0475 0.08067542213883677
0 0.916875 0.5637898686679175 0.09125 0.13320825515947468