0 0.01318359375 0.5619047619047619 0.02099609375 0.05860805860805861
0 0.09130859375 0.5838827838827839 0.04150390625 0.06227106227106227
0 0.10791015625 0.5626373626373626 0.02978515625 0.05128205128205128
0 0.158203125 0.5838827838827839 0.03759765625 0.06227106227106227
0 0.15283203125 0.6615384615384615 0.05078125 0.07765567765567766
0 0.2451171875 0.6776556776556777 0.06005859375 0.08791208791208792
0 0.26513671875 0.6161172161172161 0.04736328125 0.07032967032967033
0 0.2236328125 0.5626373626373626 0.0341796875 0.04322344322344322
0 0.2802734375 0.5663003663003663 0.03955078125 0.060073260073260075
0 0.3056640625 0.5553113553113553 0.029296875 0.05347985347985348
0 0.30029296875 0.8146520146520146 0.1259765625 0.18168498168498168
0 0.36376953125 0.5597069597069597 0.0283203125 0.04908424908424908
0 0.376953125 0.547985347985348 0.02392578125 0.03296703296703297
0 0.41455078125 0.6087912087912087 0.05615234375 0.07912087912087912
0 0.4208984375 0.5406593406593406 0.02587890625 0.04322344322344322
0 0.40771484375 0.5633699633699634 0.03466796875 0.047619047619047616
0 0.50048828125 0.5934065934065934 0.046875 0.07032967032967033
0 0.52978515625 0.5501831501831502 0.0244140625 0.035164835164835165
0 0.57177734375 0.5604395604395604 0.03271484375 0.04908424908424908
0 0.62109375 0.5677655677655677 0.02783203125 0.04835164835164835
0 0.69384765625 0.4014652014652015 0.0234375 0.046153846153846156
0 0.56201171875 0.736996336996337 0.0810546875 0.13406593406593406
0 0.658203125 0.6483516483516484 0.064453125 0.0967032967032967
0 0.72314453125 0.6043956043956044 0.04052734375 0.07326007326007326
0 0.7685546875 0.7245421245421245 0.09130859375 0.13846153846153847
0 0.693359375 0.926007326007326 0.1533203125 0.1457875457875458
0 0.82470703125 0.6556776556776557 0.0537109375 0.09743589743589744
0 0.7890625 0.5787545787545788 0.04150390625 0.06666666666666667
0 0.82080078125 0.5633699633699634 0.0322265625 0.05347985347985348
0 0.8720703125 0.5985347985347985 0.046875 0.07838827838827839
0 0.90087890625 0.6043956043956044 0.03759765625 0.05860805860805861
0 0.90673828125 0.5736263736263736 0.02880859375 0.046153846153846156