0 0.13525390625 0.7022058823529411 0.09423828125 0.14852941176470588
0 0.21826171875 0.5926470588235294 0.07275390625 0.10073529411764706
0 0.287109375 0.5397058823529411 0.05126953125 0.09852941176470588
0 0.31787109375 0.4838235294117647 0.04150390625 0.07720588235294118
0 0.1669921875 0.47352941176470587 0.044921875 0.07720588235294118
0 0.20751953125 0.45073529411764707 0.03271484375 0.05661764705882353
0 0.23583984375 0.43014705882352944 0.0390625 0.057352941176470586
0 0.27783203125 0.4176470588235294 0.03076171875 0.05588235294117647
0 0.31103515625 0.40955882352941175 0.02880859375 0.04485294117647059
0 0.38818359375 0.47205882352941175 0.0390625 0.075
0 0.10498046875 0.3911764705882353 0.03076171875 0.03897058823529412
0 0.02783203125 0.4125 0.03466796875 0.05220588235294118
0 0.185546875 0.36764705882352944 0.025390625 0.04191176470588235
0 0.16015625 0.3860294117647059 0.01806640625 0.03676470588235294
0 0.138671875 0.3830882352941177 0.021484375 0.03676470588235294
0 0.34033203125 0.3845588235294118 0.02099609375 0.029411764705882353
0 0.36181640625 0.3764705882352941 0.01953125 0.03161764705882353
0 0.4033203125 0.4073529411764706 0.02587890625 0.04264705882352941
0 0.37890625 0.4161764705882353 0.025390625 0.03161764705882353
0 0.5625 0.3897058823529412 0.01953125 0.04632352941176471
0 0.58349609375 0.3816176470588235 0.0205078125 0.03897058823529412
0 0.6015625 0.4176470588235294 0.0244140625 0.045588235294117645
0 0.63427734375 0.4404411764705882 0.0263671875 0.04926470588235294
0 0.6650390625 0.40441176470588236 0.02587890625 0.03897058823529412
0 0.654296875 0.3911764705882353 0.0126953125 0.026470588235294117
0 0.64453125 0.38088235294117645 0.02001953125 0.03602941176470588
0 0.712890625 0.5014705882352941 0.04345703125 0.08529411764705883
0 0.73095703125 0.5529411764705883 0.05810546875 0.09705882352941177
0 0.71240234375 0.41323529411764703 0.02392578125 0.05
0 0.73583984375 0.44191176470588234 0.029296875 0.057352941176470586
0 0.77685546875 0.4522058823529412 0.03759765625 0.06985294117647059
0 0.830078125 0.48676470588235293 0.0498046875 0.07279411764705883
0 0.896484375 0.513235294117647 0.05078125 0.07720588235294118