0 0.03618421052631579 0.3349609375 0.046052631578947366 0.080078125
0 0.07839912280701754 0.38671875 0.049342105263157895 0.09765625
0 0.19736842105263158 0.3720703125 0.03508771929824561 0.068359375
0 0.2236842105263158 0.458984375 0.05263157894736842 0.10546875
0 0.2412280701754386 0.3076171875 0.03070175438596491 0.068359375
0 0.2949561403508772 0.291015625 0.02412280701754386 0.0546875
0 0.31743421052631576 0.3427734375 0.027412280701754384 0.052734375
0 0.34978070175438597 0.3740234375 0.043859649122807015 0.076171875
0 0.375 0.45703125 0.06798245614035088 0.12109375
0 0.4018640350877193 0.3505859375 0.03399122807017544 0.068359375
0 0.42653508771929827 0.310546875 0.02631578947368421 0.05859375
0 0.4550438596491228 0.380859375 0.046052631578947366 0.078125
0 0.5422149122807017 0.369140625 0.044956140350877194 0.078125
0 0.5712719298245614 0.3203125 0.03070175438596491 0.0625
0 0.6222587719298246 0.28125 0.029605263157894735 0.0546875
0 0.6398026315789473 0.3515625 0.0537280701754386 0.1171875
0 0.6244517543859649 0.470703125 0.08223684210526316 0.16015625
0 0.7472587719298246 0.384765625 0.06030701754385965 0.1171875
0 0.9451754385964912 0.2431640625 0.03728070175438596 0.080078125