0 0.08125 0.7444444444444445 0.08194444444444444 0.11481481481481481
0 0.06527777777777778 0.6814814814814815 0.06388888888888888 0.07777777777777778
0 0.08958333333333333 0.6472222222222223 0.04583333333333333 0.06851851851851852
0 0.08541666666666667 0.5398148148148149 0.02638888888888889 0.03888888888888889
0 0.1625 0.5175925925925926 0.030555555555555555 0.05
0 0.23333333333333334 0.5435185185185185 0.025 0.04259259259259259
0 0.3125 0.5120370370370371 0.025 0.046296296296296294
0 0.3840277777777778 0.5101851851851852 0.029166666666666667 0.05
0 0.4583333333333333 0.5111111111111111 0.027777777777777776 0.044444444444444446
0 0.5333333333333333 0.5342592592592592 0.025 0.046296296296296294
0 0.59375 0.5287037037037037 0.02638888888888889 0.03888888888888889
0 0.6444444444444445 0.5305555555555556 0.030555555555555555 0.04259259259259259
0 0.7069444444444445 0.5305555555555556 0.025 0.03888888888888889
0 0.7631944444444444 0.5398148148148149 0.029166666666666667 0.04259259259259259
0 0.8222222222222222 0.5564814814814815 0.022222222222222223 0.04259259259259259
0 0.8798611111111111 0.5305555555555556 0.029166666666666667 0.03888888888888889
0 0.9145833333333333 0.6712962962962963 0.04027777777777778 0.053703703703703705
0 0.8756944444444444 0.6527777777777778 0.0375 0.05740740740740741
0 0.8763888888888889 0.6222222222222222 0.03611111111111111 0.040740740740740744
0 0.7972222222222223 0.65 0.04722222222222222 0.05925925925925926
0 0.7645833333333333 0.6212962962962963 0.029166666666666667 0.05
0 0.7305555555555555 0.6296296296296297 0.025 0.044444444444444446
0 0.6729166666666667 0.6166666666666667 0.03194444444444444 0.05555555555555555
0 0.6284722222222222 0.6944444444444444 0.059722222222222225 0.1
0 0.5173611111111112 0.6824074074074075 0.04861111111111111 0.07222222222222222
0 0.47847222222222224 0.6472222222222223 0.04861111111111111 0.06481481481481481
0 0.43819444444444444 0.6888888888888889 0.05138888888888889 0.07407407407407407
0 0.38472222222222224 0.6787037037037037 0.05 0.06481481481481481
0 0.41388888888888886 0.6148148148148148 0.03333333333333333 0.05555555555555555
0 0.36319444444444443 0.6481481481481481 0.029166666666666667 0.04814814814814815
0 0.31875 0.6416666666666667 0.03194444444444444 0.03888888888888889
0 0.3138888888888889 0.6148148148148148 0.041666666666666664 0.05925925925925926
0 0.22152777777777777 0.6675925925925926 0.04027777777777778 0.05740740740740741
0 0.23402777777777778 0.6064814814814815 0.02638888888888889 0.03888888888888889
0 0.5090277777777777 0.7759259259259259 0.07361111111111111 0.1037037037037037
0 0.5888888888888889 0.8555555555555555 0.08333333333333333 0.1111111111111111
0 0.6930555555555555 0.8092592592592592 0.075 0.1
0 0.8659722222222223 0.8814814814814815 0.1625 0.22962962962962963
0 0.3277777777777778 0.9148148148148149 0.1111111111111111 0.16666666666666666
0 0.33402777777777776 0.8046296296296296 0.11805555555555555 0.13518518518518519
0 0.2423611111111111 0.7648148148148148 0.07916666666666666 0.11851851851851852
0 0.275 0.7092592592592593 0.05555555555555555 0.07777777777777778
0 0.17569444444444443 0.6453703703703704 0.04027777777777778 0.05
0 0.1423611111111111 0.6212962962962963 0.034722222222222224 0.053703703703703705