0 0.11865234375 0.5434924787442773 0.0322265625 0.053629823413996074
0 0.28564453125 0.606278613472858 0.05859375 0.1000654022236756
0 0.333984375 0.6017004578155657 0.0498046875 0.08109875735775017
0 0.4189453125 0.6298234139960759 0.08740234375 0.12818835840418574
0 0.53857421875 0.723348593852191 0.09814453125 0.15369522563767168
0 0.4423828125 0.5801177240026161 0.04150390625 0.06801831262262917
0 0.53076171875 0.5984303466317855 0.04541015625 0.07652060170045781
0 0.52490234375 0.5598430346631785 0.05126953125 0.060824068018312624
0 0.5869140625 0.6147809025506867 0.05810546875 0.08829300196206671
0 0.68798828125 0.4597776324395029 0.08447265625 0.09679529103989536
0 0.814453125 0.7913669064748201 0.14306640625 0.2485284499672989
0 0.80419921875 0.6671026814911707 0.103515625 0.15042511445389142
0 0.9697265625 0.6625245258338783 0.06005859375 0.13734466971877043