0 0.498 0.36936936936936937 0.028 0.05405405405405406
0 0.783 0.7807807807807807 0.138 0.1981981981981982
0 0.85 0.7012012012012012 0.076 0.14714714714714713
0 0.954 0.6696696696696697 0.072 0.12012012012012012
0 0.971 0.6006006006006006 0.042 0.06006006006006006
0 0.975 0.5480480480480481 0.038 0.06306306306306306
0 0.925 0.5495495495495496 0.042 0.06006006006006006
0 0.855 0.6066066066066066 0.054 0.09009009009009009
0 0.835 0.5405405405405406 0.05 0.06606606606606606
0 0.766 0.539039039039039 0.048 0.06306306306306306
0 0.654 0.5555555555555556 0.048 0.07207207207207207
0 0.697 0.6111111111111112 0.054 0.06906906906906907
0 0.612 0.6381381381381381 0.068 0.0990990990990991
0 0.578 0.5615615615615616 0.048 0.06606606606606606
0 0.593 0.5285285285285285 0.038 0.05405405405405406
0 0.68 0.5330330330330331 0.032 0.04504504504504504
0 0.458 0.7702702702702703 0.116 0.16516516516516516
0 0.422 0.6696696696696697 0.072 0.09009009009009009
0 0.194 0.6321321321321322 0.072 0.0990990990990991
0 0.112 0.6186186186186187 0.088 0.10810810810810811
0 0.058 0.8933933933933934 0.112 0.2072072072072072
0 0.061 0.5255255255255256 0.034 0.04804804804804805
0 0.113 0.5255255255255256 0.034 0.036036036036036036
0 0.11 0.5525525525525525 0.044 0.042042042042042045
0 0.16 0.5645645645645646 0.04 0.05405405405405406
0 0.143 0.512012012012012 0.03 0.057057057057057055
0 0.18 0.5330330330330331 0.024 0.04504504504504504
0 0.221 0.5195195195195195 0.026 0.042042042042042045
0 0.246 0.527027027027027 0.024 0.04504504504504504
0 0.284 0.5540540540540541 0.04 0.057057057057057055
0 0.305 0.5195195195195195 0.03 0.04804804804804805
0 0.278 0.515015015015015 0.024 0.03903903903903904
0 0.376 0.539039039039039 0.032 0.057057057057057055
0 0.438 0.5255255255255256 0.036 0.05405405405405406
0 0.48 0.6216216216216216 0.06 0.0960960960960961
0 0.502 0.5900900900900901 0.052 0.06906906906906907
0 0.344 0.6531531531531531 0.064 0.14714714714714713