0 0.82373046875 0.6048177083333334 0.099609375 0.1484375
0 0.86328125 0.3391927083333333 0.087890625 0.126953125
0 0.78271484375 0.46875 0.0537109375 0.09309895833333333
0 0.76171875 0.38671875 0.04833984375 0.06640625
0 0.6806640625 0.3248697916666667 0.03369140625 0.048177083333333336
0 0.67236328125 0.400390625 0.0341796875 0.044921875
0 0.64453125 0.3802083333333333 0.03173828125 0.047526041666666664
0 0.63916015625 0.3424479166666667 0.025390625 0.038411458333333336
0 0.6142578125 0.375 0.025390625 0.049479166666666664
0 0.494140625 0.3841145833333333 0.052734375 0.08984375
0 0.4892578125 0.3313802083333333 0.0361328125 0.050130208333333336
0 0.4638671875 0.5709635416666666 0.10009765625 0.13736979166666666
0 0.458984375 0.3567708333333333 0.02197265625 0.039713541666666664
0 0.408203125 0.318359375 0.041015625 0.06640625
0 0.3349609375 0.3385416666666667 0.05419921875 0.09114583333333333
0 0.2763671875 0.4680989583333333 0.103515625 0.15950520833333334
0 0.2041015625 0.3235677083333333 0.0712890625 0.11197916666666667
0 0.23828125 0.3600260416666667 0.02685546875 0.047526041666666664
0 0.1279296875 0.3352864583333333 0.03564453125 0.046875
0 0.109375 0.3489583333333333 0.0244140625 0.038411458333333336
0 0.0732421875 0.37109375 0.04736328125 0.07161458333333333
0 0.02685546875 0.3209635416666667 0.0361328125 0.044921875