0 0.075 0.38294314381270905 0.025 0.043478260869565216
0 0.11625 0.41471571906354515 0.0275 0.04013377926421405
0 0.15 0.4230769230769231 0.025 0.03678929765886288
0 0.35125 0.43478260869565216 0.0225 0.04013377926421405
0 0.43875 0.43478260869565216 0.0275 0.046822742474916385
0 0.49 0.44816053511705684 0.02 0.033444816053511704
0 0.65625 0.6722408026755853 0.1325 0.18729096989966554
0 0.575 0.5484949832775919 0.09 0.12709030100334448
0 0.53625 0.46321070234113715 0.0475 0.08361204013377926
0 0.5775 0.45484949832775917 0.03 0.06020066889632107
0 0.61875 0.459866220735786 0.0225 0.043478260869565216
0 0.67 0.49331103678929766 0.045 0.06354515050167224
0 0.70875 0.5334448160535117 0.0625 0.08361204013377926
0 0.8175 0.5886287625418061 0.085 0.12040133779264214
0 0.88625 0.5551839464882943 0.0725 0.10033444816053512
0 0.96875 0.5484949832775919 0.0575 0.12040133779264214
0 0.93375 0.4765886287625418 0.0525 0.07023411371237458
0 0.88125 0.4866220735785953 0.0375 0.056856187290969896
0 0.83375 0.4531772575250836 0.0375 0.05016722408026756
0 0.80125 0.5033444816053512 0.0525 0.06354515050167224
0 0.80375 0.46321070234113715 0.0325 0.03678929765886288
0 0.77625 0.451505016722408 0.0275 0.04013377926421405
0 0.75375 0.45484949832775917 0.0375 0.046822742474916385
0 0.73125 0.47491638795986624 0.0325 0.046822742474916385
0 0.715 0.451505016722408 0.035 0.046822742474916385
0 0.98125 0.42474916387959866 0.0275 0.05351170568561873
0 0.96625 0.459866220735786 0.0225 0.05016722408026756
0 0.64875 0.46321070234113715 0.0375 0.056856187290969896
0 0.06 0.5083612040133779 0.055 0.07357859531772576
0 0.10625 0.4782608695652174 0.0725 0.10702341137123746
0 0.1875 0.5367892976588629 0.055 0.07692307692307693
0 0.17 0.48494983277591974 0.045 0.06020066889632107
0 0.18625 0.4531772575250836 0.0375 0.07023411371237458
0 0.23125 0.44816053511705684 0.0425 0.07357859531772576
0 0.27625 0.4531772575250836 0.0425 0.056856187290969896
0 0.31375 0.4431438127090301 0.0325 0.043478260869565216
0 0.055 0.46321070234113715 0.03 0.056856187290969896