0 0.054375 0.6491666666666667 0.07625 0.095
0 0.045625 0.5675 0.05125 0.07166666666666667
0 0.084375 0.5083333333333333 0.03625 0.056666666666666664
0 0.139375 0.5325 0.03875 0.055
0 0.178125 0.54 0.03625 0.05333333333333334
0 0.179375 0.5975 0.05375 0.075
0 0.1525 0.7516666666666667 0.125 0.15333333333333332
0 0.27125 0.5783333333333334 0.055 0.08333333333333333
0 0.31625 0.5691666666666667 0.0375 0.065
0 0.28 0.5275 0.0325 0.055
0 0.37875 0.6633333333333333 0.0725 0.11
0 0.420625 0.57 0.04125 0.06666666666666667
0 0.38625 0.5558333333333333 0.0425 0.07166666666666667
0 0.393125 0.44916666666666666 0.02625 0.045
0 0.490625 0.5508333333333333 0.03625 0.051666666666666666
0 0.539375 0.5891666666666666 0.06125 0.08833333333333333
0 0.52625 0.8141666666666667 0.1325 0.21166666666666667
0 0.688125 0.5866666666666667 0.05875 0.10666666666666667
0 0.63375 0.6166666666666667 0.055 0.06666666666666667
0 0.765625 0.6975 0.10125 0.165
0 0.828125 0.6408333333333334 0.06375 0.105
0 0.883125 0.6216666666666667 0.06125 0.08333333333333333
0 0.915625 0.5716666666666667 0.05375 0.07666666666666666