0 0.1044921875 0.7395424836601308 0.0390625 0.06601307189542484
0 0.133056640625 0.730718954248366 0.03076171875 0.05228758169934641
0 0.22265625 0.7777777777777778 0.0751953125 0.09281045751633987
0 0.254638671875 0.7225490196078431 0.05322265625 0.06993464052287582
0 0.41259765625 0.699673202614379 0.033203125 0.05947712418300653
0 0.454345703125 0.7013071895424836 0.03369140625 0.05228758169934641
0 0.508544921875 0.7143790849673203 0.04443359375 0.06274509803921569
0 0.5791015625 0.7088235294117647 0.0458984375 0.0673202614379085
0 0.616943359375 0.7084967320261438 0.04052734375 0.06274509803921569
0 0.681640625 0.7493464052287582 0.0634765625 0.0934640522875817
0 0.66064453125 0.6892156862745098 0.0302734375 0.042483660130718956
0 0.70947265625 0.7058823529411765 0.044921875 0.06928104575163399
0 0.781982421875 0.6970588235294117 0.03662109375 0.05032679738562092
0 0.80126953125 0.7271241830065359 0.0458984375 0.07516339869281045
0 0.83642578125 0.7549019607843137 0.0673828125 0.0915032679738562
0 0.970458984375 0.7166666666666667 0.05810546875 0.09738562091503268