0 0.0654296875 0.7027491408934707 0.08544921875 0.13745704467353953
0 0.03759765625 0.44501718213058417 0.0283203125 0.04639175257731959
0 0.0087890625 0.44329896907216493 0.015625 0.05756013745704467
0 0.07666015625 0.3848797250859107 0.0205078125 0.036941580756013746
0 0.09716796875 0.5618556701030928 0.0498046875 0.09278350515463918
0 0.16162109375 0.5163230240549829 0.03564453125 0.061855670103092786
0 0.14111328125 0.4836769759450172 0.0322265625 0.04982817869415808
0 0.15966796875 0.42010309278350516 0.0224609375 0.03865979381443299
0 0.1689453125 0.3857388316151203 0.017578125 0.03178694158075601
0 0.22900390625 0.3900343642611684 0.015625 0.03350515463917526
0 0.26611328125 0.43556701030927836 0.02197265625 0.03951890034364261
0 0.267578125 0.4012027491408935 0.02099609375 0.03865979381443299
0 0.2919921875 0.3788659793814433 0.0146484375 0.03436426116838488
0 0.32958984375 0.38144329896907214 0.01513671875 0.02663230240549828
0 0.31103515625 0.5472508591065293 0.029296875 0.059278350515463915
0 0.34619140625 0.552405498281787 0.04443359375 0.07731958762886598
0 0.318359375 0.4415807560137457 0.017578125 0.04209621993127148
0 0.35546875 0.422680412371134 0.01806640625 0.03436426116838488
0 0.37646484375 0.40463917525773196 0.01220703125 0.02663230240549828
0 0.390625 0.40463917525773196 0.01220703125 0.02663230240549828
0 0.39208984375 0.36254295532646047 0.01318359375 0.02491408934707904
0 0.41455078125 0.4166666666666667 0.017578125 0.030927835051546393
0 0.4541015625 0.41323024054982815 0.01904296875 0.03865979381443299
0 0.482421875 0.3788659793814433 0.013671875 0.02147766323024055
0 0.50732421875 0.3943298969072165 0.02099609375 0.037800687285223365
0 0.68017578125 0.7353951890034365 0.09033203125 0.14690721649484537
0 0.70849609375 0.5326460481099656 0.0322265625 0.07130584192439862
0 0.72265625 0.5292096219931272 0.0263671875 0.05670103092783505
0 0.8134765625 0.4836769759450172 0.02685546875 0.04982817869415808
0 0.8447265625 0.5352233676975945 0.03515625 0.07388316151202749
0 0.89306640625 0.6701030927835051 0.0908203125 0.13573883161512026
0 0.94091796875 0.5292096219931272 0.0439453125 0.06958762886597938
0 0.97412109375 0.48109965635738833 0.04736328125 0.06872852233676977