0 0.226 0.44744744744744747 0.02 0.024024024024024024
0 0.561 0.527027027027027 0.038 0.06906906906906907
0 0.73 0.5555555555555556 0.056 0.1021021021021021
0 0.877 0.6726726726726727 0.122 0.16216216216216217
0 0.842 0.496996996996997 0.048 0.06306306306306306
0 0.813 0.48348348348348347 0.034 0.05405405405405406
0 0.823 0.45345345345345345 0.03 0.042042042042042045
0 0.894 0.45345345345345345 0.032 0.042042042042042045
0 0.969 0.503003003003003 0.058 0.09309309309309309
0 0.756 0.45645645645645644 0.024 0.036036036036036036
0 0.708 0.4744744744744745 0.032 0.06006006006006006
0 0.67 0.4774774774774775 0.02 0.036036036036036036
0 0.683 0.45645645645645644 0.026 0.042042042042042045
0 0.662 0.46846846846846846 0.02 0.036036036036036036
0 0.624 0.46396396396396394 0.02 0.03303303303303303
0 0.55 0.4774774774774775 0.024 0.042042042042042045
0 0.545 0.45645645645645644 0.018 0.024024024024024024
0 0.562 0.44744744744744747 0.008 0.018018018018018018
0 0.487 0.45795795795795796 0.014 0.021021021021021023
0 0.454 0.4594594594594595 0.012 0.018018018018018018
0 0.447 0.45345345345345345 0.01 0.018018018018018018
0 0.424 0.46846846846846846 0.024 0.03003003003003003
0 0.392 0.47297297297297297 0.016 0.021021021021021023
0 0.374 0.466966966966967 0.012 0.021021021021021023
0 0.354 0.47147147147147145 0.012 0.018018018018018018
0 0.312 0.47297297297297297 0.016 0.021021021021021023