0 0.521 0.7033132530120482 0.162 0.2560240963855422
0 0.309 0.48042168674698793 0.066 0.14156626506024098
0 0.491 0.46536144578313254 0.058 0.12349397590361445
0 0.638 0.4427710843373494 0.052 0.10843373493975904
0 0.781 0.6641566265060241 0.122 0.21385542168674698
0 0.775 0.49849397590361444 0.082 0.12951807228915663
0 0.889 0.4864457831325301 0.086 0.16566265060240964
0 0.976 0.4186746987951807 0.044 0.10843373493975904
0 0.928 0.3614457831325301 0.032 0.06626506024096386
0 0.912 0.3102409638554217 0.02 0.04216867469879518
0 0.878 0.3253012048192771 0.028 0.05421686746987952
0 0.847 0.3433734939759036 0.03 0.06626506024096386
0 0.743 0.3810240963855422 0.042 0.07530120481927711
0 0.763 0.3358433734939759 0.03 0.0572289156626506
0 0.835 0.31626506024096385 0.03 0.04819277108433735
0 0.674 0.338855421686747 0.04 0.07530120481927711
0 0.622 0.29518072289156627 0.024 0.03614457831325301
0 0.591 0.2996987951807229 0.018 0.03313253012048193
0 0.554 0.29066265060240964 0.02 0.03313253012048193
0 0.544 0.3057228915662651 0.02 0.03313253012048193
0 0.497 0.29668674698795183 0.022 0.0391566265060241
0 0.452 0.3358433734939759 0.028 0.045180722891566265
0 0.481 0.37349397590361444 0.042 0.060240963855421686
0 0.389 0.32831325301204817 0.026 0.04819277108433735
0 0.335 0.3358433734939759 0.034 0.0572289156626506
0 0.306 0.24849397590361447 0.024 0.03313253012048193
0 0.297 0.35993975903614456 0.038 0.0572289156626506
0 0.248 0.37349397590361444 0.048 0.0783132530120482
0 0.246 0.3207831325301205 0.028 0.0391566265060241
0 0.207 0.375 0.042 0.06927710843373494
0 0.116 0.38403614457831325 0.052 0.07530120481927711
0 0.049 0.3795180722891566 0.034 0.06626506024096386
0 0.739 0.24246987951807228 0.01 0.02108433734939759