0 0.0498046875 0.32454212454212455 0.03125 0.05641025641025641
0 0.0732421875 0.3238095238095238 0.033203125 0.04981684981684982
0 0.15478515625 0.3311355311355311 0.02734375 0.04835164835164835
0 0.2119140625 0.3362637362637363 0.02392578125 0.041758241758241756
0 0.21044921875 0.31135531135531136 0.01708984375 0.0315018315018315
0 0.23583984375 0.31135531135531136 0.01953125 0.03736263736263736
0 0.26123046875 0.3230769230769231 0.0244140625 0.046153846153846156
0 0.29931640625 0.367032967032967 0.041015625 0.07765567765567766
0 0.30419921875 0.3098901098901099 0.02783203125 0.04395604395604396
0 0.28369140625 0.30842490842490844 0.01806640625 0.03663003663003663
0 0.31640625 0.3032967032967033 0.01806640625 0.03663003663003663
0 0.34765625 0.29816849816849816 0.021484375 0.03882783882783883
0 0.36865234375 0.38461538461538464 0.04541015625 0.08351648351648351
0 0.38330078125 0.3120879120879121 0.0244140625 0.03736263736263736
0 0.41064453125 0.3120879120879121 0.02001953125 0.04322344322344322
0 0.42724609375 0.32161172161172163 0.029296875 0.05641025641025641
0 0.45361328125 0.31355311355311355 0.02734375 0.054212454212454214
0 0.46533203125 0.33186813186813185 0.0263671875 0.05567765567765568
0 0.4970703125 0.3523809523809524 0.05810546875 0.09010989010989011
0 0.55615234375 0.34505494505494505 0.0380859375 0.08278388278388278
0 0.4951171875 0.295970695970696 0.01611328125 0.02564102564102564
0 0.5068359375 0.3010989010989011 0.01611328125 0.035897435897435895
0 0.5615234375 0.2571428571428571 0.0224609375 0.04908424908424908
0 0.58740234375 0.23443223443223443 0.0263671875 0.054212454212454214
0 0.62158203125 0.326007326007326 0.02783203125 0.060805860805860805
0 0.638671875 0.30256410256410254 0.01806640625 0.041758241758241756
0 0.66650390625 0.3047619047619048 0.01513671875 0.0336996336996337
0 0.66015625 0.29816849816849816 0.015625 0.027106227106227107
0 0.68701171875 0.31868131868131866 0.0224609375 0.04835164835164835
0 0.6904296875 0.2879120879120879 0.00927734375 0.015384615384615385
0 0.70361328125 0.2937728937728938 0.01806640625 0.034432234432234435
0 0.71533203125 0.3413919413919414 0.02587890625 0.06153846153846154
0 0.7509765625 0.3413919413919414 0.03955078125 0.08864468864468865
0 0.7763671875 0.3384615384615385 0.03125 0.05860805860805861
0 0.79638671875 0.3208791208791209 0.0263671875 0.054212454212454214
0 0.783203125 0.25860805860805863 0.02001953125 0.027106227106227107
0 0.80322265625 0.273992673992674 0.015625 0.03223443223443224
0 0.8154296875 0.3194139194139194 0.01806640625 0.03663003663003663
0 0.8193359375 0.2945054945054945 0.01318359375 0.0336996336996337
0 0.900390625 0.3663003663003663 0.0537109375 0.09377289377289377
0 0.8798828125 0.3282051282051282 0.03759765625 0.06373626373626373
0 0.85888671875 0.31135531135531136 0.021484375 0.041025641025641026
0 0.8642578125 0.26593406593406593 0.01806640625 0.029304029304029304
0 0.9052734375 0.26886446886446885 0.01806640625 0.03663003663003663
0 0.9189453125 0.3120879120879121 0.02294921875 0.04322344322344322
0 0.93310546875 0.2673992673992674 0.0166015625 0.029304029304029304
0 0.95068359375 0.31648351648351647 0.02099609375 0.03956043956043956
0 0.97509765625 0.3509157509157509 0.0390625 0.07545787545787545