0 0.049 0.7366071428571429 0.082 0.14583333333333334
0 0.212 0.8020833333333334 0.092 0.14583333333333334
0 0.27 0.7931547619047619 0.072 0.13392857142857142
0 0.422 0.41220238095238093 0.068 0.11607142857142858
0 0.486 0.8854166666666666 0.108 0.17559523809523808
0 0.641 0.6949404761904762 0.086 0.14583333333333334
0 0.636 0.8809523809523809 0.096 0.19047619047619047
0 0.708 0.8348214285714286 0.08 0.16964285714285715
0 0.764 0.6979166666666666 0.068 0.12202380952380952
0 0.85 0.7172619047619048 0.072 0.13690476190476192
0 0.974 0.8169642857142857 0.048 0.16964285714285715
0 0.959 0.9315476190476191 0.078 0.11904761904761904
0 0.982 0.6755952380952381 0.032 0.10714285714285714