0 0.11833333333333333 0.64 0.14 0.205
0 0.11 0.5225 0.06666666666666667 0.095
0 0.175 0.49 0.06 0.1
0 0.20583333333333334 0.60375 0.085 0.1425
0 0.245 0.57125 0.07 0.1375
0 0.2891666666666667 0.5375 0.058333333333333334 0.11
0 0.5116666666666667 0.67125 0.11 0.1975
0 0.415 0.84875 0.21666666666666667 0.2625
0 0.4375 0.64125 0.06833333333333333 0.1125
0 0.43666666666666665 0.50125 0.04 0.0775
0 0.54 0.4825 0.05 0.07
0 0.5408333333333334 0.5325 0.051666666666666666 0.09
0 0.49416666666666664 0.53625 0.06166666666666667 0.0775
0 0.6041666666666666 0.5275 0.045 0.085
0 0.6341666666666667 0.54625 0.051666666666666666 0.0775
0 0.6575 0.5025 0.041666666666666664 0.06
0 0.6875 0.54375 0.075 0.1025
0 0.665 0.62375 0.07333333333333333 0.1275
0 0.7316666666666667 0.6325 0.08 0.15
0 0.8108333333333333 0.62625 0.11833333333333333 0.1975
0 0.7725 0.53 0.06833333333333333 0.09
0 0.7458333333333333 0.34625 0.045 0.0725
0 0.9191666666666667 0.71 0.125 0.24
0 0.8858333333333334 0.56625 0.06833333333333333 0.1075
0 0.9308333333333333 0.5675 0.06166666666666667 0.115