0 0.054375 0.835216572504708 0.08375 0.12617702448210924
0 0.0525 0.923728813559322 0.0875 0.1111111111111111
0 0.13 0.8427495291902072 0.0825 0.12994350282485875
0 0.1925 0.7928436911487758 0.085 0.11299435028248588
0 0.335625 0.9265536723163842 0.11375 0.13559322033898305
0 0.4 0.9105461393596986 0.065 0.11487758945386065
0 0.391875 0.8173258003766478 0.08375 0.128060263653484
0 0.4375 0.7975517890772128 0.0675 0.11487758945386065
0 0.683125 0.5659133709981168 0.07875 0.1374764595103578
0 0.871875 0.8107344632768362 0.07625 0.10734463276836158
0 0.83 0.7702448210922788 0.0625 0.09792843691148775
0 0.94375 0.871939736346516 0.0825 0.1393596986817326
0 0.9625 0.903954802259887 0.0725 0.15065913370998116