0 0.17625 0.6366666666666667 0.1075 0.2
0 0.09125 0.44666666666666666 0.0275 0.04666666666666667
0 0.05125 0.445 0.0375 0.07
0 0.13125 0.45666666666666667 0.0275 0.04666666666666667
0 0.1875 0.49 0.05 0.08
0 0.23125 0.46166666666666667 0.0325 0.05
0 0.24125 0.37833333333333335 0.0275 0.03666666666666667
0 0.27875 0.5 0.0575 0.08
0 0.33 0.44333333333333336 0.025 0.04
0 0.39 0.44166666666666665 0.025 0.043333333333333335
0 0.4425 0.42833333333333334 0.02 0.03666666666666667
0 0.4575 0.4483333333333333 0.03 0.043333333333333335
0 0.4675 0.46166666666666667 0.035 0.06333333333333334
0 0.5075 0.45 0.03 0.04666666666666667
0 0.5275 0.49833333333333335 0.045 0.07
0 0.44125 0.55 0.0725 0.09333333333333334
0 0.6925 0.59 0.085 0.11333333333333333
0 0.8425 0.49166666666666664 0.06 0.09666666666666666
0 0.84125 0.44333333333333336 0.0325 0.05333333333333334
0 0.9225 0.44666666666666666 0.025 0.04
0 0.7375 0.4583333333333333 0.04 0.06333333333333334
0 0.70375 0.44333333333333336 0.0325 0.04666666666666667
0 0.665 0.44 0.025 0.04
0 0.635 0.43833333333333335 0.03 0.05
0 0.56375 0.42833333333333334 0.0275 0.03666666666666667
0 0.53375 0.43 0.0225 0.03333333333333333