0 0.052 0.21921921921921922 0.024 0.036036036036036036
0 0.19 0.1921921921921922 0.02 0.036036036036036036
0 0.203 0.21621621621621623 0.026 0.042042042042042045
0 0.258 0.26876876876876876 0.1 0.17117117117117117
0 0.377 0.38288288288288286 0.126 0.23723723723723725
0 0.328 0.25225225225225223 0.044 0.08408408408408409
0 0.358 0.22672672672672672 0.048 0.07507507507507508
0 0.308 0.18768768768768768 0.028 0.04504504504504504
0 0.43 0.21621621621621623 0.064 0.10810810810810811
0 0.461 0.19519519519519518 0.026 0.04804804804804805
0 0.493 0.21021021021021022 0.03 0.05405405405405406
0 0.531 0.2132132132132132 0.03 0.06006006006006006
0 0.562 0.2012012012012012 0.032 0.04804804804804805
0 0.594 0.2057057057057057 0.036 0.06306306306306306
0 0.588 0.4024024024024024 0.1 0.17417417417417416
0 0.76 0.5435435435435435 0.12 0.18618618618618618
0 0.652 0.18468468468468469 0.068 0.12312312312312312
0 0.732 0.23423423423423423 0.036 0.06606606606606606
0 0.697 0.22822822822822822 0.038 0.04804804804804805
0 0.828 0.1891891891891892 0.076 0.12612612612612611