0 0.08333333333333333 0.22110552763819097 0.05333333333333334 0.10050251256281408
0 0.06166666666666667 0.1407035175879397 0.056666666666666664 0.09045226130653267
0 0.04833333333333333 0.10804020100502512 0.06333333333333334 0.10552763819095477
0 0.21 0.24874371859296482 0.08 0.135678391959799
0 0.25166666666666665 0.2135678391959799 0.05 0.11557788944723618
0 0.20166666666666666 0.1708542713567839 0.056666666666666664 0.09045226130653267
0 0.31833333333333336 0.2236180904522613 0.07 0.12562814070351758
0 0.14833333333333334 0.4321608040201005 0.11 0.19095477386934673
0 0.3283333333333333 0.44974874371859297 0.09 0.15577889447236182
0 0.36833333333333335 0.3417085427135678 0.07 0.1407035175879397
0 0.40166666666666667 0.228643216080402 0.056666666666666664 0.10552763819095477
0 0.48 0.27386934673366836 0.06 0.11557788944723618
0 0.4766666666666667 0.15326633165829145 0.04666666666666667 0.08542713567839195
0 0.49166666666666664 0.4221105527638191 0.10333333333333333 0.1507537688442211
0 0.565 0.314070351758794 0.07 0.12562814070351758
0 0.6083333333333333 0.271356783919598 0.05 0.11055276381909548
0 0.6733333333333333 0.1884422110552764 0.05333333333333334 0.09547738693467336
0 0.6583333333333333 0.41708542713567837 0.07666666666666666 0.1708542713567839
0 0.7033333333333334 0.34673366834170855 0.06 0.11055276381909548
0 0.7566666666666667 0.36683417085427134 0.06 0.1407035175879397
0 0.7466666666666667 0.2562814070351759 0.05333333333333334 0.08040201005025126
0 0.8433333333333334 0.16080402010050251 0.16666666666666666 0.3015075376884422
0 0.975 0.2562814070351759 0.043333333333333335 0.11055276381909548
0 0.9183333333333333 0.24874371859296482 0.05 0.11557788944723618