0 0.06204201270151441 0.35604395604395606 0.04201270151441133 0.07472527472527472
0 0.1084513922813874 0.34065934065934067 0.038104543234000976 0.07545787545787545
0 0.14020517830972154 0.3509157509157509 0.0537371763556424 0.07472527472527472
0 0.19980459208597948 0.367032967032967 0.0635075720566683 0.09010989010989011
0 0.2784562774792379 0.4293040293040293 0.06790425012212994 0.0967032967032967
0 0.3102100635075721 0.4805860805860806 0.0635075720566683 0.10256410256410256
0 0.4396678065461651 0.4336996336996337 0.06985832926233512 0.11355311355311355
0 0.4987787005373718 0.47326007326007324 0.06790425012212994 0.126007326007326
0 0.6438690766976063 0.5186813186813187 0.07425500732779677 0.15311355311355312
0 0.7772349780166097 0.7201465201465201 0.10503175378602833 0.16996336996336997
0 0.9022960429897411 0.5194139194139195 0.0810942843185149 0.12380952380952381
0 0.8588177821201759 0.45494505494505494 0.0635075720566683 0.09963369963369964
0 0.8202247191011236 0.4095238095238095 0.050806057645334635 0.09963369963369964
0 0.655105031753786 0.3728937728937729 0.06448461162677088 0.09010989010989011
0 0.5520273571079629 0.36336996336996336 0.05324865657059111 0.09084249084249084
0 0.46213971665852466 0.3516483516483517 0.046409379579872984 0.0695970695970696
0 0.41719589643380556 0.3457875457875458 0.05471421592574499 0.08131868131868132
0 0.34587200781631655 0.2945054945054945 0.05276013678553981 0.08571428571428572
0 0.28431851489985344 0.2725274725274725 0.0449438202247191 0.07545787545787545
0 0.23204689789936492 0.27692307692307694 0.045432340009770394 0.06593406593406594
0 0.49291646311675624 0.147985347985348 0.048851978505129456 0.08571428571428572
0 0.49975574010747437 0.2336996336996337 0.028334147532975085 0.0695970695970696
0 0.5886663409868099 0.2424908424908425 0.04250122129946263 0.06813186813186813
0 0.605276013678554 0.22637362637362637 0.026380068392769906 0.06373626373626373
0 0.7054225696140694 0.12893772893772895 0.03517342452369321 0.0761904761904762
0 0.7020029311187103 0.2813186813186813 0.04787493893502687 0.07692307692307693
0 0.7591597459697118 0.27985347985347986 0.043478260869565216 0.08131868131868132
0 0.747923790913532 0.23296703296703297 0.03663898387884709 0.05641025641025641
0 0.8124084025403029 0.23882783882783884 0.04103566194430874 0.07179487179487179
0 0.8661455788959452 0.2725274725274725 0.04201270151441133 0.08791208791208792