0 0.09333333333333334 0.5983333333333334 0.07333333333333333 0.07666666666666666
0 0.056666666666666664 0.5483333333333333 0.04666666666666667 0.056666666666666664
0 0.2966666666666667 0.6266666666666667 0.06666666666666667 0.08
0 0.295 0.5666666666666667 0.056666666666666664 0.06
0 0.365 0.5266666666666666 0.03666666666666667 0.04
0 0.42833333333333334 0.5783333333333334 0.06333333333333334 0.07666666666666666
0 0.48833333333333334 0.56 0.043333333333333335 0.06
0 0.58 0.5683333333333334 0.04666666666666667 0.05
0 0.7033333333333334 0.555 0.06 0.056666666666666664
0 0.585 0.54 0.03666666666666667 0.05333333333333334
0 0.35833333333333334 0.8333333333333334 0.17 0.18
0 0.82 0.8916666666666667 0.2 0.21
0 0.8133333333333334 0.6233333333333333 0.07333333333333333 0.08
0 0.89 0.5683333333333334 0.06 0.07666666666666666
0 0.925 0.6316666666666667 0.07666666666666666 0.09
0 0.9633333333333334 0.6733333333333333 0.06666666666666667 0.13333333333333333