0 0.2001953125 0.8183150183150183 0.0810546875 0.10695970695970695
0 0.35009765625 0.5934065934065934 0.06103515625 0.11355311355311355
0 0.3828125 0.8923076923076924 0.0791015625 0.12893772893772895
0 0.40771484375 0.7912087912087912 0.06787109375 0.1054945054945055
0 0.60498046875 0.8967032967032967 0.0908203125 0.15531135531135531
0 0.630859375 0.8542124542124542 0.0859375 0.1443223443223443
0 0.5947265625 0.7831501831501831 0.064453125 0.09304029304029304
0 0.73828125 0.8007326007326008 0.05908203125 0.11428571428571428
0 0.79345703125 0.8307692307692308 0.064453125 0.1347985347985348
0 0.84033203125 0.895970695970696 0.06494140625 0.17875457875457876
0 0.9189453125 0.8747252747252747 0.12646484375 0.20659340659340658