0 0.049166666666666664 0.6355140186915887 0.04833333333333333 0.07476635514018691
0 0.12333333333333334 0.6573208722741433 0.03666666666666667 0.07476635514018691
0 0.1375 0.6386292834890965 0.028333333333333332 0.056074766355140186
0 0.19833333333333333 0.6386292834890965 0.04 0.06230529595015576
0 0.23083333333333333 0.6651090342679128 0.035 0.09034267912772585
0 0.23166666666666666 0.6152647975077882 0.02666666666666667 0.0529595015576324
0 0.26166666666666666 0.6292834890965732 0.02666666666666667 0.06230529595015576
0 0.2808333333333333 0.6728971962616822 0.04833333333333333 0.09345794392523364
0 0.32666666666666666 0.6978193146417445 0.043333333333333335 0.09345794392523364
0 0.3491666666666667 0.660436137071651 0.041666666666666664 0.07476635514018691
0 0.3275 0.5218068535825545 0.035 0.059190031152647975
0 0.40166666666666667 0.7009345794392523 0.05 0.09345794392523364
0 0.425 0.6479750778816199 0.03333333333333333 0.06230529595015576
0 0.44166666666666665 0.6277258566978193 0.02666666666666667 0.059190031152647975
0 0.46416666666666667 0.5420560747663551 0.028333333333333332 0.04984423676012461
0 0.555 0.5685358255451713 0.03 0.059190031152647975
0 0.4741666666666667 0.6838006230529595 0.03833333333333333 0.0778816199376947
0 0.49416666666666664 0.6448598130841121 0.03166666666666667 0.04984423676012461
0 0.6225 0.7305295950155763 0.058333333333333334 0.12149532710280374
0 0.6391666666666667 0.5 0.028333333333333332 0.059190031152647975
0 0.7116666666666667 0.661993769470405 0.043333333333333335 0.08411214953271028
0 0.7358333333333333 0.7461059190031153 0.058333333333333334 0.09657320872274143
0 0.8091666666666667 0.6931464174454829 0.045 0.08411214953271028
0 0.8541666666666666 0.7383177570093458 0.04833333333333333 0.1059190031152648
0 0.8983333333333333 0.6635514018691588 0.043333333333333335 0.08722741433021806
0 0.9525 0.5233644859813084 0.035 0.07476635514018691
0 0.83 0.6526479750778816 0.03333333333333333 0.06542056074766354
0 0.7891666666666667 0.49065420560747663 0.035 0.07165109034267912