0 0.064453125 0.4921875 0.12646484375 0.3111979166666667
0 0.12744140625 0.2571614583333333 0.142578125 0.20703125
0 0.32763671875 0.4016927083333333 0.078125 0.13997395833333334
0 0.27001953125 0.4420572916666667 0.03369140625 0.051432291666666664
0 0.4228515625 0.416015625 0.025390625 0.034505208333333336
0 0.36865234375 0.4303385416666667 0.02587890625 0.052083333333333336
0 0.4453125 0.421875 0.03271484375 0.055338541666666664
0 0.509765625 0.4251302083333333 0.02880859375 0.053385416666666664
0 0.57666015625 0.3912760416666667 0.046875 0.064453125
0 0.6142578125 0.4010416666666667 0.0341796875 0.059895833333333336
0 0.7373046875 0.4264322916666667 0.05712890625 0.115234375
0 0.84521484375 0.4010416666666667 0.15283203125 0.19270833333333334
0 0.91064453125 0.4505208333333333 0.06494140625 0.07096354166666667