0 0.03173828125 0.46511627906976744 0.0419921875 0.082687338501292
0 0.123046875 0.6167097329888027 0.087890625 0.16709732988802756
0 0.21826171875 0.5478036175710594 0.06005859375 0.10163652024117141
0 0.244140625 0.5064599483204134 0.04248046875 0.07493540051679587
0 0.279296875 0.45478036175710596 0.03466796875 0.05512489233419466
0 0.4091796875 0.2523686477174849 0.029296875 0.05857019810508183
0 0.47412109375 0.46770025839793283 0.04052734375 0.06804478897502153
0 0.50341796875 0.5116279069767442 0.04150390625 0.082687338501292
0 0.4716796875 0.6192937123169682 0.0712890625 0.09560723514211886
0 0.4921875 0.7312661498708011 0.09130859375 0.181739879414298
0 0.6337890625 0.43755383290267014 0.029296875 0.07062876830318691
0 0.65869140625 0.43669250645994834 0.03173828125 0.06459948320413436
0 0.720703125 0.5012919896640827 0.0498046875 0.09388458225667529
0 0.82373046875 0.5452196382428941 0.07080078125 0.13006029285099052
0 0.798828125 0.4134366925064599 0.03759765625 0.07062876830318691
0 0.86767578125 0.4435831180017227 0.03759765625 0.07665805340223945
0 0.8916015625 0.40137812230835485 0.0400390625 0.07321274763135228
0 0.9501953125 0.4728682170542636 0.06005859375 0.09991386735572783
0 0.97998046875 0.43669250645994834 0.03857421875 0.09732988802756244