0 0.08181818181818182 0.46584699453551914 0.02909090909090909 0.040983606557377046
0 0.12727272727272726 0.43306010928961747 0.06181818181818182 0.09562841530054644
0 0.23363636363636364 0.5491803278688525 0.034545454545454546 0.04918032786885246
0 0.2545454545454545 0.5355191256830601 0.02181818181818182 0.03825136612021858
0 0.29818181818181816 0.5450819672131147 0.02909090909090909 0.040983606557377046
0 0.4536363636363636 0.5819672131147541 0.045454545454545456 0.07103825136612021
0 0.43 0.5368852459016393 0.023636363636363636 0.04644808743169399
0 0.4263636363636364 0.5027322404371585 0.02 0.03278688524590164
0 0.4381818181818182 0.5068306010928961 0.01818181818181818 0.03551912568306011
0 0.46090909090909093 0.5013661202185792 0.023636363636363636 0.03551912568306011
0 0.4672727272727273 0.5396174863387978 0.025454545454545455 0.04644808743169399
0 0.48363636363636364 0.5068306010928961 0.01818181818181818 0.02459016393442623
0 0.5054545454545455 0.4931693989071038 0.01818181818181818 0.030054644808743168
0 0.5172727272727272 0.5368852459016393 0.034545454545454546 0.05191256830601093
0 0.5481818181818182 0.5300546448087432 0.02 0.04371584699453552
0 0.5736363636363636 0.5382513661202186 0.02727272727272727 0.04918032786885246
0 0.6027272727272728 0.6311475409836066 0.06363636363636363 0.09836065573770492
0 0.5354545454545454 0.5969945355191257 0.045454545454545456 0.06830601092896176
0 0.6290909090909091 0.5710382513661202 0.03636363636363636 0.06557377049180328
0 0.6536363636363637 0.587431693989071 0.05272727272727273 0.08196721311475409
0 0.6409090909090909 0.4918032786885246 0.02 0.04371584699453552
0 0.6536363636363637 0.4931693989071038 0.016363636363636365 0.03551912568306011
0 0.7109090909090909 0.5628415300546448 0.03636363636363636 0.060109289617486336
0 0.7218181818181818 0.47950819672131145 0.02181818181818182 0.040983606557377046
0 0.8018181818181818 0.4808743169398907 0.02181818181818182 0.03278688524590164
0 0.8090909090909091 0.5587431693989071 0.03272727272727273 0.06284153005464481
0 0.8581818181818182 0.5245901639344263 0.025454545454545455 0.04918032786885246
0 0.8681818181818182 0.5669398907103825 0.034545454545454546 0.05737704918032787
0 0.9118181818181819 0.5341530054644809 0.03090909090909091 0.05191256830601093
0 0.9290909090909091 0.4781420765027322 0.025454545454545455 0.04371584699453552
0 0.9054545454545454 0.7472677595628415 0.08363636363636363 0.1448087431693989
0 0.9381818181818182 0.6612021857923497 0.07272727272727272 0.12021857923497267