0 0.763 0.6531531531531531 0.134 0.23123123123123124
0 0.874 0.48348348348348347 0.052 0.11411411411411411
0 0.899 0.43543543543543545 0.046 0.07807807807807808
0 0.92 0.4069069069069069 0.032 0.057057057057057055
0 0.945 0.3993993993993994 0.03 0.05405405405405406
0 0.889 0.3843843843843844 0.022 0.042042042042042045
0 0.871 0.4084084084084084 0.014 0.036036036036036036
0 0.858 0.4174174174174174 0.02 0.036036036036036036
0 0.842 0.4189189189189189 0.024 0.03903903903903904
0 0.827 0.44144144144144143 0.038 0.05405405405405406
0 0.837 0.3933933933933934 0.026 0.042042042042042045
0 0.85 0.3813813813813814 0.02 0.036036036036036036
0 0.796 0.4024024024024024 0.028 0.036036036036036036
0 0.772 0.44594594594594594 0.044 0.06306306306306306
0 0.734 0.4369369369369369 0.036 0.057057057057057055
0 0.643 0.45495495495495497 0.046 0.07507507507507508
0 0.425 0.5645645645645646 0.086 0.13813813813813813
0 0.536 0.4339339339339339 0.036 0.04504504504504504
0 0.574 0.33483483483483484 0.016 0.02702702702702703
0 0.67 0.3978978978978979 0.02 0.03903903903903904
0 0.696 0.3858858858858859 0.02 0.03303303303303303
0 0.643 0.4009009009009009 0.018 0.02702702702702703
0 0.602 0.4084084084084084 0.028 0.042042042042042045
0 0.551 0.40540540540540543 0.018 0.03003003003003003
0 0.558 0.4144144144144144 0.02 0.024024024024024024
0 0.581 0.40540540540540543 0.018 0.036036036036036036
0 0.509 0.4264264264264264 0.03 0.04804804804804805
0 0.5 0.4039039039039039 0.02 0.03303303303303303
0 0.477 0.4084084084084084 0.022 0.042042042042042045
0 0.453 0.42342342342342343 0.034 0.05405405405405406
0 0.458 0.3963963963963964 0.024 0.03003003003003003
0 0.427 0.45495495495495497 0.038 0.06306306306306306
0 0.424 0.4219219219219219 0.024 0.03303303303303303
0 0.398 0.42342342342342343 0.032 0.05405405405405406
0 0.361 0.42042042042042044 0.022 0.042042042042042045
0 0.387 0.47147147147147145 0.034 0.042042042042042045
0 0.318 0.43993993993993996 0.036 0.05105105105105105
0 0.338 0.4114114114114114 0.02 0.036036036036036036
0 0.378 0.4039039039039039 0.024 0.04504504504504504
0 0.291 0.4144144144144144 0.026 0.03003003003003003
0 0.291 0.46096096096096095 0.046 0.05105105105105105
0 0.262 0.4219219219219219 0.024 0.04504504504504504
0 0.219 0.45495495495495497 0.042 0.057057057057057055
0 0.229 0.4339339339339339 0.026 0.03903903903903904
0 0.166 0.4294294294294294 0.028 0.042042042042042045
0 0.147 0.506006006006006 0.042 0.06306306306306306
0 0.096 0.496996996996997 0.06 0.07507507507507508
0 0.112 0.4519519519519519 0.044 0.057057057057057055
0 0.144 0.4264264264264264 0.024 0.042042042042042045
0 0.037 0.5465465465465466 0.07 0.10810810810810811
0 0.019 0.4624624624624625 0.03 0.042042042042042045