0 0.07395833333333333 0.6109375 0.041666666666666664 0.071875
0 0.14114583333333333 0.60859375 0.036458333333333336 0.0671875
0 0.18229166666666666 0.734375 0.04583333333333333 0.075
0 0.2109375 0.6109375 0.040625 0.071875
0 0.24427083333333333 0.5828125 0.034375 0.065625
0 0.2859375 0.7078125 0.042708333333333334 0.06875
0 0.2869791666666667 0.596875 0.034375 0.065625
0 0.3328125 0.6453125 0.040625 0.075
0 0.33645833333333336 0.56484375 0.03333333333333333 0.0671875
0 0.365625 0.56875 0.03125 0.0625
0 0.4015625 0.58359375 0.036458333333333336 0.0703125
0 0.39375 0.7078125 0.03958333333333333 0.06875
0 0.43125 0.55 0.03333333333333333 0.065625
0 0.4609375 0.578125 0.034375 0.065625
0 0.48020833333333335 0.54453125 0.035416666666666666 0.0671875
0 0.5302083333333333 0.53984375 0.0375 0.0703125
0 0.5604166666666667 0.596875 0.035416666666666666 0.071875
0 0.5234375 0.71171875 0.040625 0.0859375
0 0.6010416666666667 0.70546875 0.041666666666666664 0.0703125
0 0.5979166666666667 0.55 0.035416666666666666 0.065625
0 0.6213541666666667 0.52578125 0.03229166666666667 0.0515625
0 0.6348958333333333 0.5765625 0.03854166666666667 0.06875
0 0.6739583333333333 0.5328125 0.0375 0.071875
0 0.7010416666666667 0.5859375 0.0375 0.06875
0 0.6953125 0.690625 0.03854166666666667 0.075
0 0.7416666666666667 0.5421875 0.035416666666666666 0.065625
0 0.7739583333333333 0.5953125 0.04375 0.078125
0 0.7859375 0.69609375 0.040625 0.0765625
0 0.8026041666666667 0.52734375 0.042708333333333334 0.0640625
0 0.8479166666666667 0.54296875 0.03958333333333333 0.0609375
0 0.8625 0.7 0.04791666666666667 0.08125
0 0.9177083333333333 0.58203125 0.03333333333333333 0.0640625
0 0.9578125 0.5484375 0.042708333333333334 0.075