0 0.0458984375 0.7064896755162242 0.08740234375 0.1570796460176991
0 0.072265625 0.5656342182890856 0.05859375 0.09218289085545722
0 0.2080078125 0.5626843657817109 0.05419921875 0.10398230088495575
0 0.28564453125 0.549410029498525 0.046875 0.06932153392330384
0 0.2822265625 0.7182890855457227 0.095703125 0.18584070796460178
0 0.17724609375 0.9107669616519174 0.16796875 0.17846607669616518
0 0.3720703125 0.5671091445427728 0.06005859375 0.09587020648967552
0 0.4169921875 0.5803834808259587 0.04443359375 0.07669616519174041
0 0.39501953125 0.504424778761062 0.03271484375 0.06415929203539823
0 0.62255859375 0.5376106194690266 0.0380859375 0.06415929203539823
0 0.70556640625 0.5501474926253688 0.0537109375 0.09365781710914454
0 0.8037109375 0.7640117994100295 0.099609375 0.1873156342182891
0 0.822265625 0.551622418879056 0.0625 0.10324483775811209
0 0.96435546875 0.6342182890855457 0.07080078125 0.13126843657817108
0 0.9541015625 0.5744837758112095 0.0703125 0.10250737463126844