0 0.12109375 0.48484848484848486 0.05859375 0.08168642951251646
0 0.23193359375 0.6976284584980237 0.16162109375 0.23715415019762845
0 0.19384765625 0.5619235836627141 0.0771484375 0.11198945981554677
0 0.35205078125 0.6093544137022397 0.095703125 0.1686429512516469
0 0.33203125 0.5276679841897233 0.05615234375 0.0764163372859025
0 0.3486328125 0.27865612648221344 0.04296875 0.059947299077733864
0 0.4755859375 0.8557312252964426 0.2060546875 0.27931488801054016
0 0.62109375 0.5737812911725956 0.07568359375 0.09749670619235837
0 0.625 0.5296442687747036 0.0634765625 0.08498023715415019
0 0.66064453125 0.48221343873517786 0.05126953125 0.08498023715415019
0 0.88671875 0.7766798418972332 0.1669921875 0.2503293807641634
0 0.859375 0.5349143610013175 0.080078125 0.11396574440052701
0 0.9521484375 0.5342555994729907 0.0625 0.10276679841897234
0 0.9453125 0.5 0.05859375 0.08300395256916997