0 0.244375 0.4324577861163227 0.04875 0.08442776735459662
0 0.080625 0.6200750469043153 0.06125 0.09193245778611632
0 0.456875 0.5712945590994372 0.05875 0.09943714821763602
0 0.501875 0.6407129455909943 0.06875 0.12195121951219512
0 0.545 0.6341463414634146 0.08 0.1350844277673546
0 0.679375 0.6669793621013134 0.10375 0.14071294559099437
0 0.641875 0.7560975609756098 0.10875 0.16885553470919323
0 0.646875 0.6078799249530957 0.04625 0.08630393996247655
0 0.685 0.5947467166979362 0.05 0.0825515947467167
0 0.796875 0.6341463414634146 0.08375 0.16135084427767354
0 0.7625 0.651031894934334 0.065 0.12382739212007504