0 0.05685920577617329 0.335149863760218 0.04512635379061372 0.07084468664850137
0 0.1263537906137184 0.4604904632152589 0.05054151624548736 0.08174386920980926
0 0.1272563176895307 0.3583106267029973 0.03790613718411552 0.06267029972752043
0 0.18682310469314078 0.3801089918256131 0.03790613718411552 0.06267029972752043
0 0.17779783393501805 0.46185286103542234 0.04151624548736462 0.07356948228882834
0 0.2427797833935018 0.46866485013623976 0.03429602888086643 0.05994550408719346
0 0.21660649819494585 0.36648501362397823 0.02888086642599278 0.051771117166212535
0 0.2536101083032491 0.37193460490463215 0.03429602888086643 0.07356948228882834
0 0.2897111913357401 0.3583106267029973 0.030685920577617327 0.051771117166212535
0 0.3167870036101083 0.45231607629427795 0.03790613718411552 0.07084468664850137
0 0.33393501805054154 0.3651226158038147 0.032490974729241874 0.05994550408719346
0 0.3555956678700361 0.33651226158038144 0.036101083032490974 0.05722070844686648
0 0.38537906137184114 0.3583106267029973 0.03429602888086643 0.05722070844686648
0 0.41155234657039713 0.45231607629427795 0.039711191335740074 0.0653950953678474
0 0.43862815884476536 0.3896457765667575 0.02888086642599278 0.05994550408719346
0 0.4296028880866426 0.34877384196185285 0.02888086642599278 0.04904632152588556
0 0.47021660649819497 0.47275204359673023 0.03790613718411552 0.07356948228882834
0 0.4729241877256318 0.3773841961852861 0.036101083032490974 0.06267029972752043
0 0.4936823104693141 0.34332425068119893 0.02707581227436823 0.04904632152588556
0 0.5216606498194946 0.3419618528610354 0.02527075812274368 0.051771117166212535
0 0.5306859205776173 0.3692098092643052 0.032490974729241874 0.06267029972752043
0 0.5523465703971119 0.46866485013623976 0.039711191335740074 0.07084468664850137
0 0.5604693140794224 0.33242506811989103 0.02707581227436823 0.0653950953678474
0 0.5875451263537906 0.3555858310626703 0.03429602888086643 0.051771117166212535
0 0.6101083032490975 0.4645776566757493 0.039711191335740074 0.0681198910081744
0 0.628158844765343 0.35013623978201636 0.039711191335740074 0.0681198910081744
0 0.605595667870036 0.31607629427792916 0.02707581227436823 0.04904632152588556
0 0.6534296028880866 0.32561307901907355 0.02527075812274368 0.051771117166212535
0 0.6768953068592057 0.35149863760217986 0.036101083032490974 0.07084468664850137
0 0.6958483754512635 0.32697547683923706 0.03429602888086643 0.0653950953678474
0 0.6877256317689531 0.47002724795640327 0.04332129963898917 0.08446866485013624
0 0.7355595667870036 0.31743869209809267 0.03429602888086643 0.06267029972752043
0 0.7572202166064982 0.32561307901907355 0.04151624548736462 0.07356948228882834
0 0.8005415162454874 0.3024523160762943 0.052346570397111915 0.08174386920980926
0 0.9088447653429603 0.3460490463215259 0.048736462093862815 0.09264305177111716