0 0.2915384615384615 0.65375 0.14615384615384616 0.2675
0 0.22230769230769232 0.52 0.10615384615384615 0.185
0 0.13846153846153847 0.48 0.052307692307692305 0.105
0 0.10153846153846154 0.44625 0.046153846153846156 0.0925
0 0.08307692307692308 0.39 0.027692307692307693 0.05
0 0.06461538461538462 0.4 0.024615384615384615 0.05
0 0.19538461538461538 0.39875 0.027692307692307693 0.0475
0 0.2353846153846154 0.37875 0.03076923076923077 0.0525
0 0.27615384615384614 0.39125 0.03230769230769231 0.0525
0 0.3130769230769231 0.375 0.02923076923076923 0.05
0 0.38076923076923075 0.4275 0.047692307692307694 0.065
0 0.4330769230769231 0.43375 0.03538461538461538 0.0825
0 0.41 0.3975 0.02923076923076923 0.045
0 0.41846153846153844 0.36375 0.018461538461538463 0.0375
0 0.4376923076923077 0.38125 0.023076923076923078 0.0425
0 0.48615384615384616 0.3875 0.021538461538461538 0.05
0 0.5161538461538462 0.44625 0.05076923076923077 0.1075
0 0.5338461538461539 0.39875 0.04 0.0575
0 0.5246153846153846 0.3775 0.018461538461538463 0.035
0 0.5592307692307692 0.38875 0.016923076923076923 0.0425
0 0.5761538461538461 0.37875 0.02 0.0425
0 0.5876923076923077 0.41375 0.03076923076923077 0.0625
0 0.62 0.4925 0.06461538461538462 0.13
0 0.6284615384615385 0.40875 0.02923076923076923 0.0475
0 0.6130769230769231 0.3275 0.016923076923076923 0.035
0 0.6730769230769231 0.3275 0.02 0.045
0 0.7076923076923077 0.40375 0.036923076923076927 0.0575
0 0.6884615384615385 0.39625 0.02 0.0425
0 0.68 0.3975 0.015384615384615385 0.035
0 0.7761538461538462 0.5125 0.08461538461538462 0.16
0 0.76 0.41375 0.027692307692307693 0.0625
0 0.7930769230769231 0.43875 0.04153846153846154 0.0825
0 0.8115384615384615 0.4175 0.026153846153846153 0.055
0 0.8376923076923077 0.34125 0.02 0.0525
0 0.8438461538461538 0.42875 0.026153846153846153 0.0525
0 0.8638461538461538 0.4575 0.03230769230769231 0.08
0 0.9238461538461539 0.48 0.05692307692307692 0.09
0 0.9030769230769231 0.425 0.027692307692307693 0.055
0 0.9284615384615384 0.42875 0.03538461538461538 0.0625
0 0.9246153846153846 0.3525 0.021538461538461538 0.045
0 0.9715384615384616 0.42375 0.026153846153846153 0.0575
0 0.9861538461538462 0.46 0.024615384615384615 0.07
0 0.9515384615384616 0.31 0.03230769230769231 0.065