0 0.04787493893502687 0.5084372707263389 0.0542256961406937 0.10564930300807043
0 0.07572056668295066 0.47248716067498164 0.046409379579872984 0.09170946441672781
0 0.15925744992672203 0.5187087307410124 0.05569125549584758 0.10858400586940573
0 0.14167073766487542 0.5994130594277329 0.07669760625305325 0.13206162876008803
0 0.3268197361993161 0.5304475421863536 0.07376648754274548 0.1276595744680851
0 0.2979970688812897 0.6632428466617755 0.09574987787005373 0.17461482024944974
0 0.4763067904250122 0.3374908290535583 0.0893991206643869 0.16214233308877476
0 0.5417684416218856 0.7446808510638298 0.12799218368343918 0.202494497432135
0 0.666829506595017 0.607483492296405 0.07669760625305325 0.1496698459280998
0 0.7713727405959941 0.7219369038884813 0.10405471421592574 0.18121790168745414
0 0.9477283829995115 0.6148202494497432 0.10454323400097704 0.18708730741012472