0 0.10454545454545454 0.610655737704918 0.04909090909090909 0.07377049180327869
0 0.14636363636363636 0.5573770491803278 0.04909090909090909 0.07650273224043716
0 0.10545454545454545 0.46311475409836067 0.04727272727272727 0.07377049180327869
0 0.09363636363636364 0.4207650273224044 0.04181818181818182 0.0546448087431694
0 0.13818181818181818 0.3756830601092896 0.04 0.06284153005464481
0 0.1618181818181818 0.43989071038251365 0.04363636363636364 0.060109289617486336
0 0.20454545454545456 0.3866120218579235 0.034545454545454546 0.05191256830601093
0 0.2109090909090909 0.36065573770491804 0.02909090909090909 0.04918032786885246
0 0.23636363636363636 0.5409836065573771 0.03636363636363636 0.06557377049180328
0 0.24909090909090909 0.5081967213114754 0.03272727272727273 0.060109289617486336
0 0.29363636363636364 0.5218579234972678 0.038181818181818185 0.060109289617486336
0 0.36272727272727273 0.51775956284153 0.034545454545454546 0.05737704918032787
0 0.26272727272727275 0.3674863387978142 0.03090909090909091 0.05191256830601093
0 0.28909090909090907 0.3469945355191257 0.025454545454545455 0.04918032786885246
0 0.31 0.3948087431693989 0.02727272727272727 0.05737704918032787
0 0.32545454545454544 0.3483606557377049 0.03272727272727273 0.05737704918032787
0 0.35909090909090907 0.3469945355191257 0.03090909090909091 0.0546448087431694
0 0.4027272727272727 0.35655737704918034 0.03090909090909091 0.05191256830601093
0 0.42272727272727273 0.34562841530054644 0.023636363636363636 0.04644808743169399
0 0.44727272727272727 0.3674863387978142 0.03272727272727273 0.06284153005464481
0 0.48 0.3401639344262295 0.02909090909090909 0.05737704918032787
0 0.5172727272727272 0.3483606557377049 0.034545454545454546 0.06284153005464481
0 0.43454545454545457 0.51775956284153 0.03272727272727273 0.05737704918032787
0 0.49272727272727274 0.5040983606557377 0.02909090909090909 0.05737704918032787
0 0.5390909090909091 0.5040983606557377 0.02727272727272727 0.05737704918032787
0 0.57 0.38524590163934425 0.034545454545454546 0.060109289617486336
0 0.57 0.3333333333333333 0.02727272727272727 0.04371584699453552
0 0.61 0.5286885245901639 0.03090909090909091 0.05191256830601093
0 0.6363636363636364 0.4166666666666667 0.02909090909090909 0.05191256830601093
0 0.63 0.3292349726775956 0.03090909090909091 0.05191256830601093
0 0.67 0.3483606557377049 0.03090909090909091 0.05191256830601093
0 0.6836363636363636 0.4057377049180328 0.03636363636363636 0.05737704918032787
0 0.7254545454545455 0.40710382513661203 0.04 0.06557377049180328
0 0.7218181818181818 0.34562841530054644 0.02909090909090909 0.05737704918032787
0 0.6963636363636364 0.5437158469945356 0.04363636363636364 0.07103825136612021
0 0.7618181818181818 0.5423497267759563 0.04 0.07377049180327869
0 0.8045454545454546 0.3866120218579235 0.038181818181818185 0.06284153005464481
0 0.7727272727272727 0.36885245901639346 0.025454545454545455 0.0546448087431694
0 0.8581818181818182 0.5806010928961749 0.05090909090909091 0.07377049180327869
0 0.8536363636363636 0.3620218579234973 0.04181818181818182 0.06830601092896176
0 0.8954545454545455 0.37841530054644806 0.045454545454545456 0.07377049180327869