0 0.0145 0.43716216216216214 0.027 0.09864864864864865
0 0.041 0.40743243243243243 0.042 0.07432432432432433
0 0.033 0.37635135135135134 0.03 0.05
0 0.052 0.3675675675675676 0.026 0.04864864864864865
0 0.0655 0.3918918918918919 0.023 0.04054054054054054
0 0.1165 0.3932432432432432 0.027 0.04864864864864865
0 0.1265 0.40945945945945944 0.025 0.043243243243243246
0 0.257 0.42162162162162165 0.046 0.05405405405405406
0 0.288 0.40743243243243243 0.03 0.05
0 0.27 0.3858108108108108 0.024 0.033783783783783786
0 0.3375 0.4297297297297297 0.041 0.06486486486486487
0 0.4495 0.48783783783783785 0.065 0.10540540540540541
0 0.4235 0.4101351351351351 0.019 0.03648648648648649
0 0.449 0.41824324324324325 0.024 0.02837837837837838
0 0.4795 0.42567567567567566 0.027 0.043243243243243246
0 0.4925 0.40202702702702703 0.015 0.025675675675675677
0 0.516 0.43175675675675673 0.028 0.05
0 0.5105 0.40135135135135136 0.019 0.02972972972972973
0 0.5515 0.4391891891891892 0.027 0.04054054054054054
0 0.5595 0.41486486486486485 0.017 0.032432432432432434
0 0.597 0.46013513513513515 0.032 0.05
0 0.601 0.4263513513513513 0.024 0.033783783783783786
0 0.6525 0.4486486486486487 0.023 0.043243243243243246
0 0.6895 0.4804054054054054 0.033 0.052702702702702706
0 0.693 0.4472972972972973 0.028 0.03783783783783784
0 0.736 0.4810810810810811 0.04 0.05405405405405406
0 0.7465 0.4614864864864865 0.031 0.05
0 0.858 0.5047297297297297 0.05 0.07162162162162163
0 0.8475 0.47364864864864864 0.039 0.060810810810810814
0 0.933 0.4966216216216216 0.038 0.060810810810810814
0 0.9725 0.5195945945945946 0.049 0.09324324324324325