0 0.08333333333333333 0.2789317507418398 0.04666666666666667 0.0830860534124629
0 0.12916666666666668 0.23590504451038577 0.035 0.08011869436201781
0 0.15583333333333332 0.228486646884273 0.03166666666666667 0.0771513353115727
0 0.17166666666666666 0.2922848664688427 0.03333333333333333 0.08605341246290801
0 0.22 0.2522255192878338 0.03666666666666667 0.0712166172106825
0 0.23166666666666666 0.20919881305637983 0.03 0.06231454005934718
0 0.2825 0.24925816023738873 0.03833333333333333 0.06528189910979229
0 0.2758333333333333 0.3857566765578635 0.04833333333333333 0.09495548961424333
0 0.37666666666666665 0.456973293768546 0.04666666666666667 0.11275964391691394
0 0.36333333333333334 0.38724035608308605 0.043333333333333335 0.08605341246290801
0 0.43916666666666665 0.271513353115727 0.035 0.07418397626112759
0 0.47 0.24925816023738873 0.02666666666666667 0.05341246290801187
0 0.5041666666666667 0.30118694362017806 0.025 0.050445103857566766
0 0.5516666666666666 0.30415430267062316 0.02666666666666667 0.06231454005934718
0 0.46 0.43471810089020774 0.05 0.11572700296735905
0 0.5108333333333334 0.486646884272997 0.075 0.14836795252225518
0 0.5391666666666667 0.39020771513353114 0.035 0.08605341246290801
0 0.6 0.3590504451038576 0.03333333333333333 0.06528189910979229
0 0.6266666666666667 0.3991097922848665 0.04666666666666667 0.08605341246290801
0 0.6383333333333333 0.5459940652818991 0.06666666666666667 0.13649851632047477
0 0.7716666666666666 0.6617210682492581 0.10666666666666667 0.20771513353115728
0 0.9533333333333334 0.6201780415430267 0.09 0.19584569732937684
0 0.7733333333333333 0.45548961424332346 0.05 0.09792284866468842
0 0.7108333333333333 0.4065281899109792 0.03833333333333333 0.0712166172106825
0 0.6933333333333334 0.3516320474777448 0.03666666666666667 0.06824925816023739
0 0.7475 0.34421364985163205 0.03166666666666667 0.06528189910979229
0 0.7816666666666666 0.3367952522255193 0.02666666666666667 0.05637982195845697
0 0.8408333333333333 0.39465875370919884 0.03833333333333333 0.0771513353115727
0 0.8833333333333333 0.4258160237388724 0.043333333333333335 0.09792284866468842
0 0.8466666666666667 0.3367952522255193 0.02666666666666667 0.06231454005934718
0 0.925 0.3620178041543027 0.03333333333333333 0.06528189910979229
0 0.9233333333333333 0.327893175074184 0.03 0.04451038575667656
0 0.9791666666666666 0.3456973293768546 0.025 0.06231454005934718
0 0.9883333333333333 0.42729970326409494 0.02 0.0830860534124629