0 0.09067357512953368 0.49870466321243523 0.05008635578583765 0.10103626943005181
0 0.05699481865284974 0.45984455958549225 0.037996545768566495 0.06476683937823834
0 0.03454231433506045 0.44430051813471505 0.03454231433506045 0.04404145077720207
0 0.10880829015544041 0.4430051813471503 0.031088082901554404 0.05181347150259067
0 0.18048359240069084 0.3432642487046632 0.04317789291882556 0.06994818652849741
0 0.19084628670120898 0.5595854922279793 0.06390328151986183 0.11398963730569948
0 0.23661485319516407 0.45984455958549225 0.031088082901554404 0.05958549222797927
0 0.26770293609671847 0.47668393782383417 0.031088082901554404 0.07253886010362694
0 0.29965457685664937 0.5064766839378239 0.039723661485319514 0.08031088082901554
0 0.307426597582038 0.4417098445595855 0.027633851468048358 0.04922279792746114
0 0.35751295336787564 0.4494818652849741 0.031088082901554404 0.054404145077720206
0 0.35233160621761656 0.5194300518134715 0.037996545768566495 0.07512953367875648
0 0.4231433506044905 0.49870466321243523 0.03454231433506045 0.06476683937823834
0 0.4438687392055268 0.3898963730569948 0.04145077720207254 0.06476683937823834
0 0.49654576856649396 0.4481865284974093 0.03626943005181347 0.06217616580310881
0 0.5518134715025906 0.5569948186528497 0.08808290155440414 0.13471502590673576
0 0.5414507772020726 0.46243523316062174 0.03626943005181347 0.06994818652849741
0 0.5708117443868739 0.4883419689119171 0.03281519861830743 0.05958549222797927
0 0.6079447322970639 0.4727979274611399 0.037996545768566495 0.05958549222797927
0 0.6243523316062176 0.5025906735751295 0.046632124352331605 0.07772020725388601
0 0.6588946459412781 0.47020725388601037 0.03626943005181347 0.08031088082901554
0 0.694300518134715 0.5375647668393783 0.07599309153713299 0.13212435233160622
0 0.7443868739205527 0.5297927461139896 0.0690846286701209 0.12176165803108809
0 0.7573402417962003 0.3873056994818653 0.03281519861830743 0.06994818652849741
0 0.8065630397236615 0.4727979274611399 0.04835924006908463 0.07512953367875648
0 0.8618307426597582 0.5129533678756477 0.06217616580310881 0.11398963730569948
0 0.9732297063903281 0.47538860103626945 0.046632124352331605 0.10103626943005181