0 0.05126953125 0.4765625 0.09521484375 0.1953125
0 0.16064453125 0.3576388888888889 0.06005859375 0.1328125
0 0.26318359375 0.3350694444444444 0.041015625 0.10416666666666667
0 0.23828125 0.2986111111111111 0.03076171875 0.0703125
0 0.25341796875 0.24913194444444445 0.03125 0.05642361111111111
0 0.29052734375 0.2881944444444444 0.0322265625 0.0798611111111111
0 0.41845703125 0.4756944444444444 0.08056640625 0.17708333333333334
0 0.4140625 0.3663194444444444 0.05859375 0.10069444444444445
0 0.37841796875 0.3003472222222222 0.0400390625 0.08072916666666667
0 0.3515625 0.2751736111111111 0.02880859375 0.07118055555555555
0 0.40673828125 0.2439236111111111 0.02685546875 0.05555555555555555
0 0.45166015625 0.2682291666666667 0.03515625 0.06597222222222222
0 0.50390625 0.2743055555555556 0.0234375 0.06336805555555555
0 0.6015625 0.3784722222222222 0.06591796875 0.14930555555555555
0 0.5732421875 0.34375 0.04833984375 0.10416666666666667
0 0.54931640625 0.2960069444444444 0.041015625 0.09027777777777778
0 0.58349609375 0.2621527777777778 0.0341796875 0.0642361111111111
0 0.61767578125 0.2621527777777778 0.0283203125 0.057291666666666664
0 0.662109375 0.3046875 0.0302734375 0.06944444444444445
0 0.64453125 0.2777777777777778 0.02734375 0.059895833333333336
0 0.7470703125 0.3046875 0.05322265625 0.1076388888888889
0 0.84130859375 0.3567708333333333 0.06982421875 0.11979166666666667
0 0.9072265625 0.4288194444444444 0.0830078125 0.15104166666666666