0 0.09134615384615384 0.5346153846153846 0.09423076923076923 0.12051282051282051
0 0.047115384615384615 0.4128205128205128 0.04807692307692308 0.06666666666666667
0 0.12115384615384615 0.4205128205128205 0.04230769230769231 0.06153846153846154
0 0.1673076923076923 0.43846153846153846 0.057692307692307696 0.07692307692307693
0 0.12692307692307692 0.37051282051282053 0.026923076923076925 0.03333333333333333
0 0.4721153846153846 0.31794871794871793 0.025 0.035897435897435895
0 0.44134615384615383 0.30512820512820515 0.01730769230769231 0.03076923076923077
0 0.37596153846153846 0.40384615384615385 0.028846153846153848 0.03333333333333333
0 0.3605769230769231 0.36666666666666664 0.025 0.035897435897435895
0 0.43365384615384617 0.4269230769230769 0.04038461538461539 0.05897435897435897
0 0.4846153846153846 0.46153846153846156 0.05384615384615385 0.07692307692307693
0 0.5596153846153846 0.4230769230769231 0.04230769230769231 0.06666666666666667
0 0.5211538461538462 0.3564102564102564 0.03461538461538462 0.046153846153846156
0 0.5971153846153846 0.3730769230769231 0.028846153846153848 0.038461538461538464
0 0.5413461538461538 0.5487179487179488 0.07115384615384615 0.08205128205128205
0 0.6009615384615384 0.7743589743589744 0.14038461538461539 0.1641025641025641
0 0.7663461538461539 0.5448717948717948 0.0673076923076923 0.08974358974358974
0 0.6298076923076923 0.4576923076923077 0.051923076923076926 0.06923076923076923
0 0.6586538461538461 0.3871794871794872 0.028846153846153848 0.041025641025641026
0 0.635576923076923 0.3423076923076923 0.028846153846153848 0.03333333333333333
0 0.6951923076923077 0.4 0.03653846153846154 0.041025641025641026
0 0.6942307692307692 0.3564102564102564 0.023076923076923078 0.035897435897435895
0 0.7298076923076923 0.3564102564102564 0.025 0.02564102564102564
0 0.7730769230769231 0.382051282051282 0.03076923076923077 0.03076923076923077
0 0.8721153846153846 0.36923076923076925 0.032692307692307694 0.046153846153846156
0 0.8278846153846153 0.39487179487179486 0.028846153846153848 0.03076923076923077
0 0.9230769230769231 0.3782051282051282 0.03076923076923077 0.038461538461538464
0 0.8221153846153846 0.4794871794871795 0.04038461538461539 0.05641025641025641
0 0.9355769230769231 0.5217948717948718 0.09038461538461538 0.13076923076923078