0 0.1162109375 0.6270190895741556 0.0986328125 0.2077826725403818
0 0.1669921875 0.5726872246696035 0.068359375 0.144640234948605
0 0.04345703125 0.49926578560939794 0.06591796875 0.11674008810572688
0 0.12890625 0.31791483113069013 0.06640625 0.11233480176211454
0 0.09814453125 0.2988252569750367 0.0478515625 0.08076358296622614
0 0.26416015625 0.3744493392070485 0.05322265625 0.09397944199706314
0 0.23779296875 0.3355359765051395 0.04052734375 0.06828193832599119
0 0.3232421875 0.42143906020558003 0.06396484375 0.12334801762114538
0 0.34375 0.7562408223201175 0.1396484375 0.24155653450807635
0 0.45556640625 0.5418502202643172 0.09033203125 0.14831130690161526
0 0.38671875 0.37151248164464024 0.05517578125 0.09544787077826726
0 0.32275390625 0.30469897209985314 0.05615234375 0.08957415565345081
0 0.42333984375 0.32599118942731276 0.04736328125 0.08296622613803231
0 0.49462890625 0.42584434654919234 0.05859375 0.10719530102790015
0 0.46240234375 0.39500734214390604 0.04833984375 0.08957415565345081
0 0.53564453125 0.31644640234948607 0.041015625 0.07709251101321586
0 0.59423828125 0.3656387665198238 0.0498046875 0.0947136563876652
0 0.6162109375 0.342143906020558 0.03564453125 0.08149779735682819
0 0.65087890625 0.5462555066079295 0.09619140625 0.17914831130690162
0 0.67236328125 0.47577092511013214 0.0595703125 0.10572687224669604
0 0.69287109375 0.4045521292217327 0.05224609375 0.09177679882525698
0 0.73583984375 0.35976505139500736 0.05078125 0.08443465491923642
0 0.7412109375 0.2944199706314244 0.05126953125 0.08516886930983847
0 0.7041015625 0.26284875183553597 0.0439453125 0.08957415565345081
0 0.8125 0.32158590308370044 0.046875 0.07856093979441997
0 0.82763671875 0.37298091042584436 0.0498046875 0.09251101321585903
0 0.84423828125 0.45301027900146845 0.0615234375 0.10572687224669604
0 0.87109375 0.6453744493392071 0.13037109375 0.20704845814977973
0 0.80224609375 0.5146842878120411 0.0947265625 0.157856093979442
0 0.8388671875 0.26945668135095446 0.04150390625 0.08149779735682819
0 0.9091796875 0.32599118942731276 0.04248046875 0.09691629955947137
0 0.9326171875 0.2878120411160059 0.04541015625 0.08737151248164464