0 0.08447265625 0.5970588235294118 0.078125 0.11176470588235295
0 0.1845703125 0.6705882352941176 0.076171875 0.11323529411764706
0 0.2197265625 0.6 0.0458984375 0.09411764705882353
0 0.2861328125 0.6441176470588236 0.1005859375 0.17573529411764705
0 0.26220703125 0.8786764705882353 0.15625 0.24044117647058824
0 0.52099609375 0.8786764705882353 0.14208984375 0.24044117647058824
0 0.55810546875 0.7625 0.07177734375 0.11985294117647059
0 0.48974609375 0.6022058823529411 0.056640625 0.11176470588235295
0 0.4609375 0.5852941176470589 0.03369140625 0.06985294117647059
0 0.5693359375 0.6227941176470588 0.06591796875 0.10514705882352941
0 0.556640625 0.5595588235294118 0.05224609375 0.06985294117647059
0 0.6474609375 0.6073529411764705 0.05029296875 0.10441176470588236
0 0.6669921875 0.6595588235294118 0.0576171875 0.10955882352941176
0 0.705078125 0.6242647058823529 0.0380859375 0.09411764705882353
0 0.75048828125 0.6191176470588236 0.03466796875 0.07794117647058824
0 0.73046875 0.8213235294117647 0.10546875 0.18235294117647058
0 0.82470703125 0.7183823529411765 0.07861328125 0.1375
0 0.8466796875 0.6816176470588236 0.06689453125 0.10514705882352941
0 0.82861328125 0.6205882352941177 0.04345703125 0.075
0 0.38623046875 0.5617647058823529 0.05078125 0.08529411764705883
0 0.3486328125 0.6242647058823529 0.05419921875 0.09632352941176471