0 0.02783203125 0.5494791666666666 0.05029296875 0.09309895833333333
0 0.08740234375 0.517578125 0.06884765625 0.09114583333333333
0 0.1181640625 0.5188802083333334 0.04736328125 0.0703125
0 0.19677734375 0.5201822916666666 0.05712890625 0.07552083333333333
0 0.24853515625 0.525390625 0.0498046875 0.06770833333333333
0 0.3525390625 0.583984375 0.1123046875 0.13932291666666666
0 0.40234375 0.537109375 0.0400390625 0.080078125
0 0.4326171875 0.5240885416666666 0.037109375 0.08333333333333333
0 0.5185546875 0.5553385416666666 0.06396484375 0.111328125
0 0.62646484375 0.623046875 0.0986328125 0.15559895833333334
0 0.693359375 0.5572916666666666 0.09619140625 0.13151041666666666
0 0.55859375 0.4889322916666667 0.0556640625 0.08203125
0 0.8916015625 0.5579427083333334 0.0537109375 0.08268229166666667
0 0.958984375 0.5403645833333334 0.0625 0.10481770833333333