0 0.213 0.2936802973977695 0.082 0.20817843866171004
0 0.343 0.4944237918215613 0.038 0.08178438661710037
0 0.386 0.483271375464684 0.044 0.11152416356877323
0 0.419 0.5241635687732342 0.046 0.11152416356877323
0 0.472 0.5631970260223048 0.068 0.137546468401487
0 0.558 0.6189591078066915 0.108 0.20446096654275092
0 0.509 0.4070631970260223 0.034 0.08550185873605948
0 0.544 0.44609665427509293 0.044 0.11152416356877323
0 0.556 0.37732342007434944 0.024 0.055762081784386616
0 0.584 0.3903345724907063 0.032 0.08178438661710037
0 0.624 0.3754646840148699 0.036 0.08178438661710037
0 0.659 0.362453531598513 0.026 0.048327137546468404
0 0.716 0.3252788104089219 0.024 0.06319702602230483
0 0.745 0.3513011152416357 0.034 0.07806691449814127
0 0.749 0.49256505576208176 0.07 0.1449814126394052
0 0.775 0.4107806691449814 0.05 0.09293680297397769
0 0.841 0.5055762081784386 0.078 0.17843866171003717
0 0.855 0.39219330855018586 0.058 0.10780669144981413
0 0.829 0.33271375464684017 0.034 0.08550185873605948
0 0.846 0.30111524163568776 0.032 0.06691449814126393
0 0.92 0.3215613382899628 0.036 0.07806691449814127
0 0.964 0.3903345724907063 0.06 0.14869888475836432
0 0.964 0.2936802973977695 0.032 0.07434944237918216
0 0.946 0.6189591078066915 0.096 0.21189591078066913