0 0.06166666666666667 0.33916666666666667 0.043333333333333335 0.058333333333333334
0 0.13833333333333334 0.32416666666666666 0.043333333333333335 0.06166666666666667
0 0.2088888888888889 0.3441666666666667 0.06666666666666667 0.12166666666666667
0 0.2577777777777778 0.32916666666666666 0.05555555555555555 0.09833333333333333
0 0.3138888888888889 0.3258333333333333 0.03666666666666667 0.06166666666666667
0 0.31277777777777777 0.2916666666666667 0.03 0.05333333333333334
0 0.3561111111111111 0.3625 0.07444444444444444 0.13166666666666665
0 0.38666666666666666 0.3075 0.035555555555555556 0.07166666666666667
0 0.42 0.2966666666666667 0.024444444444444446 0.04666666666666667
0 0.4538888888888889 0.25666666666666665 0.025555555555555557 0.043333333333333335
0 0.4861111111111111 0.265 0.025555555555555557 0.043333333333333335
0 0.49944444444444447 0.2575 0.01888888888888889 0.035
0 0.5005555555555555 0.38916666666666666 0.08333333333333333 0.16166666666666665
0 0.5605555555555556 0.31416666666666665 0.03666666666666667 0.06833333333333333
0 0.48277777777777775 0.31666666666666665 0.056666666666666664 0.06666666666666667
0 0.5816666666666667 0.2825 0.03222222222222222 0.045
0 0.6005555555555555 0.33166666666666667 0.05444444444444444 0.10666666666666667
0 0.6733333333333333 0.31916666666666665 0.09111111111111111 0.18166666666666667
0 0.7527777777777778 0.3383333333333333 0.056666666666666664 0.14666666666666667
0 0.7427777777777778 0.25583333333333336 0.03 0.04833333333333333
0 0.7666666666666667 0.215 0.022222222222222223 0.043333333333333335
0 0.7977777777777778 0.25 0.024444444444444446 0.04666666666666667
0 0.8061111111111111 0.31833333333333336 0.043333333333333335 0.08666666666666667
0 0.8405555555555555 0.2916666666666667 0.034444444444444444 0.07
0 0.8433333333333334 0.2475 0.022222222222222223 0.045
0 0.8477777777777777 0.21333333333333335 0.024444444444444446 0.043333333333333335
0 0.8088888888888889 0.22583333333333333 0.024444444444444446 0.03833333333333333
0 0.9188888888888889 0.3358333333333333 0.10444444444444445 0.185
0 0.8933333333333333 0.19416666666666665 0.028888888888888888 0.041666666666666664