0 0.0791015625 0.4641927083333333 0.07861328125 0.11328125
0 0.13037109375 0.4231770833333333 0.052734375 0.07877604166666667
0 0.24462890625 0.35546875 0.041015625 0.060546875
0 0.3271484375 0.3671875 0.02587890625 0.0390625
0 0.287109375 0.5475260416666666 0.10595703125 0.15299479166666666
0 0.39990234375 0.5032552083333334 0.0751953125 0.134765625
0 0.29150390625 0.4563802083333333 0.06396484375 0.08072916666666667
0 0.43310546875 0.4010416666666667 0.03515625 0.064453125
0 0.49169921875 0.3880208333333333 0.0341796875 0.053385416666666664
0 0.55322265625 0.427734375 0.04443359375 0.06770833333333333
0 0.57568359375 0.38671875 0.02880859375 0.052734375
0 0.626953125 0.4166666666666667 0.03857421875 0.056640625
0 0.72900390625 0.4557291666666667 0.0546875 0.06966145833333333
0 0.830078125 0.431640625 0.04638671875 0.07161458333333333
0 0.88671875 0.4459635416666667 0.03466796875 0.057942708333333336
0 0.88916015625 0.421875 0.0361328125 0.057291666666666664