0 0.09529411764705882 0.41872791519434627 0.058823529411764705 0.10954063604240283
0 0.1423529411764706 0.3745583038869258 0.058823529411764705 0.0989399293286219
0 0.2 0.36925795053003535 0.0611764705882353 0.09540636042402827
0 0.22705882352941176 0.42402826855123676 0.058823529411764705 0.10600706713780919
0 0.2988235294117647 0.4275618374558304 0.06588235294117648 0.10600706713780919
0 0.40705882352941175 0.3674911660777385 0.05176470588235294 0.0989399293286219
0 0.49176470588235294 0.4169611307420495 0.05647058823529412 0.09187279151943463
0 0.5658823529411765 0.36925795053003535 0.05411764705882353 0.10247349823321555
0 0.6105882352941177 0.44876325088339225 0.04941176470588235 0.09187279151943463
0 0.68 0.38515901060070673 0.05647058823529412 0.0989399293286219
0 0.7482352941176471 0.4717314487632509 0.05647058823529412 0.10247349823321555
0 0.8047058823529412 0.4558303886925795 0.05647058823529412 0.0989399293286219
0 0.7647058823529411 0.35159010600706714 0.05647058823529412 0.10954063604240283
0 0.9105882352941177 0.3621908127208481 0.07058823529411765 0.1166077738515901