0 0.0693359375 0.7884169884169884 0.10595703125 0.19073359073359072
0 0.12890625 0.6687258687258687 0.08984375 0.14826254826254825
0 0.2646484375 0.6308880308880309 0.07763671875 0.14131274131274132
0 0.30908203125 0.7945945945945946 0.17626953125 0.25637065637065637
0 0.3935546875 0.7652509652509653 0.11376953125 0.17065637065637065
0 0.390625 0.6494208494208494 0.095703125 0.14594594594594595
0 0.4462890625 0.6193050193050194 0.0712890625 0.1552123552123552
0 0.63427734375 0.3745173745173745 0.0595703125 0.11891891891891893
0 0.6484375 0.6378378378378379 0.07666015625 0.13204633204633204
0 0.6923828125 0.6787644787644788 0.09228515625 0.12123552123552124
0 0.68115234375 0.7737451737451737 0.10009765625 0.1861003861003861
0 0.86328125 0.6656370656370656 0.07568359375 0.1274131274131274
0 0.8955078125 0.6880308880308881 0.072265625 0.1250965250965251
0 0.9609375 0.705019305019305 0.0771484375 0.22316602316602316