0 0.12158203125 0.5073421439060205 0.037109375 0.06387665198237885
0 0.1171875 0.44052863436123346 0.02783203125 0.04919236417033774
0 0.1669921875 0.46255506607929514 0.0302734375 0.0631424375917768
0 0.1748046875 0.5389133627019089 0.03564453125 0.05947136563876652
0 0.2470703125 0.5080763582966226 0.0341796875 0.05506607929515418
0 0.21875 0.43392070484581496 0.0341796875 0.055800293685756244
0 0.25634765625 0.41483113069016153 0.03271484375 0.055800293685756244
0 0.28466796875 0.4177679882525698 0.02685546875 0.04331864904552129
0 0.3037109375 0.4434654919236417 0.0283203125 0.04919236417033774
0 0.28125 0.4632892804698972 0.0322265625 0.053597650513950074
0 0.3037109375 0.5139500734214391 0.03271484375 0.06240822320117474
0 0.3642578125 0.5139500734214391 0.037109375 0.06828193832599119
0 0.3349609375 0.434654919236417 0.02734375 0.05433186490455213
0 0.3203125 0.40748898678414097 0.02783203125 0.05286343612334802
0 0.37744140625 0.4001468428781204 0.02490234375 0.04552129221732746
0 0.38720703125 0.44713656387665196 0.02783203125 0.05506607929515418
0 0.421875 0.5088105726872246 0.03125 0.05800293685756241
0 0.4814453125 0.5139500734214391 0.0322265625 0.06534508076358296
0 0.44091796875 0.43759177679882527 0.0234375 0.05506607929515418
0 0.412109375 0.4185022026431718 0.02783203125 0.053597650513950074
0 0.47607421875 0.4251101321585903 0.02490234375 0.05286343612334802
0 0.50048828125 0.4052863436123348 0.02392578125 0.04331864904552129
0 0.52392578125 0.42731277533039647 0.02734375 0.04552129221732746
0 0.52099609375 0.4750367107195301 0.0341796875 0.06387665198237885
0 0.57861328125 0.5249632892804699 0.03369140625 0.05873715124816446
0 0.568359375 0.4397944199706314 0.025390625 0.048458149779735685
0 0.59228515625 0.40748898678414097 0.02880859375 0.039647577092511016
0 0.611328125 0.42951541850220265 0.0263671875 0.05066079295154185
0 0.6171875 0.5080763582966226 0.033203125 0.07268722466960352
0 0.6455078125 0.43392070484581496 0.02783203125 0.052129221732745964
0 0.66552734375 0.4309838472834068 0.02734375 0.048458149779735685
0 0.68701171875 0.41629955947136565 0.02734375 0.053597650513950074
0 0.66943359375 0.5007342143906021 0.03125 0.06020558002936858
0 0.70263671875 0.48751835535976507 0.0302734375 0.053597650513950074
0 0.7275390625 0.5051395007342144 0.03125 0.06828193832599119
0 0.75537109375 0.4221732745961821 0.0322265625 0.05066079295154185
0 0.779296875 0.5110132158590308 0.02734375 0.06020558002936858
0 0.8037109375 0.527165932452276 0.03125 0.06681350954478708
0 0.845703125 0.5036710719530103 0.0302734375 0.06387665198237885
0 0.87841796875 0.5212922173274597 0.03076171875 0.0565345080763583
0 0.9228515625 0.5190895741556535 0.0361328125 0.06681350954478708