0 0.21416666666666667 0.5399408284023669 0.17166666666666666 0.3224852071005917
0 0.23416666666666666 0.1760355029585799 0.08833333333333333 0.19230769230769232
0 0.30833333333333335 0.08431952662721894 0.06666666666666667 0.14497041420118342
0 0.42333333333333334 0.17751479289940827 0.07 0.17751479289940827
0 0.4891666666666667 0.3727810650887574 0.115 0.25443786982248523
0 0.4825 0.1227810650887574 0.041666666666666664 0.11538461538461539
0 0.5475 0.09171597633136094 0.041666666666666664 0.09467455621301775
0 0.5866666666666667 0.17307692307692307 0.06333333333333334 0.14497041420118342
0 0.735 0.1952662721893491 0.05333333333333334 0.1301775147928994
0 0.695 0.3905325443786982 0.09 0.1952662721893491
0 0.8241666666666667 0.3210059171597633 0.075 0.16272189349112426
0 0.9491666666666667 0.3343195266272189 0.07833333333333334 0.14792899408284024