0 0.066875 0.39166666666666666 0.05625 0.08
0 0.115625 0.48 0.07375 0.1
0 0.10375 0.3458333333333333 0.0325 0.04833333333333333
0 0.17875 0.3275 0.0325 0.045
0 0.2 0.33666666666666667 0.0325 0.056666666666666664
0 0.25625 0.3641666666666667 0.04 0.051666666666666666
0 0.275625 0.3566666666666667 0.03625 0.06
0 0.36875 0.5391666666666667 0.115 0.18166666666666667
0 0.400625 0.8791666666666667 0.22875 0.19833333333333333
0 0.34625 0.3566666666666667 0.0425 0.06666666666666667
0 0.38 0.345 0.0275 0.05
0 0.405 0.37 0.055 0.08
0 0.4475 0.31583333333333335 0.0275 0.041666666666666664
0 0.488125 0.365 0.04625 0.06333333333333334
0 0.521875 0.3383333333333333 0.02875 0.05
0 0.55 0.4116666666666667 0.0625 0.08
0 0.58375 0.3458333333333333 0.0375 0.04833333333333333
0 0.625625 0.34 0.03125 0.056666666666666664
0 0.6425 0.3958333333333333 0.05 0.07166666666666667
0 0.69625 0.35583333333333333 0.0375 0.04833333333333333
0 0.75125 0.37 0.0425 0.056666666666666664
0 0.7325 0.6683333333333333 0.1575 0.23666666666666666
0 0.806875 0.42583333333333334 0.08125 0.10833333333333334
0 0.9 0.4175 0.0775 0.09833333333333333
0 0.944375 0.37 0.04625 0.07
0 0.87 0.3725 0.0475 0.065