0 0.08500244259892525 0.474188790560472 0.029311187103077674 0.046460176991150445
0 0.1968734733756717 0.4638643067846608 0.032730825598436736 0.06268436578171091
0 0.15730337078651685 0.5803834808259587 0.02882266731802638 0.03761061946902655
0 0.22667318026380068 0.616519174041298 0.03175378602833415 0.0471976401179941
0 0.265266243282853 0.6216814159292036 0.03419638495359062 0.05088495575221239
0 0.2613580850024426 0.5892330383480826 0.021006350757205666 0.030973451327433628
0 0.23839765510503175 0.5781710914454278 0.021983390327308255 0.03023598820058997
0 0.3014167073766488 0.6025073746312685 0.023937469467513434 0.03687315634218289
0 0.3341475329750855 0.6172566371681416 0.03224230581338544 0.03908554572271387
0 0.37469467513434296 0.616519174041298 0.02979970688812897 0.046460176991150445
0 0.3444064484611627 0.5862831858407079 0.025403028822667317 0.033185840707964605
0 0.3243771372740596 0.5759587020648967 0.01709819247679531 0.029498525073746312
0 0.3957010258915486 0.5914454277286135 0.024425989252564728 0.043510324483775814
0 0.4000977039570103 0.5781710914454278 0.021983390327308255 0.03171091445427729
0 0.3717635564240352 0.5825958702064897 0.0180752320468979 0.025811209439528023
0 0.4308744504152418 0.6061946902654868 0.02882266731802638 0.03908554572271387
0 0.4313629702002931 0.5825958702064897 0.025891548607718612 0.03023598820058997
0 0.4587200781631656 0.5737463126843658 0.02979970688812897 0.0420353982300885
0 0.4601856375183195 0.609882005899705 0.03175378602833415 0.048672566371681415
0 0.48265754763067903 0.640117994100295 0.04250122129946263 0.058997050147492625
0 0.4870542256961407 0.5899705014749262 0.024425989252564728 0.04056047197640118
0 0.5202735710796287 0.5789085545722714 0.02784562774792379 0.036135693215339236
0 0.545676599902296 0.6275811209439528 0.03175378602833415 0.06342182890855458
0 0.5896433805569126 0.6393805309734514 0.03712750366389839 0.06268436578171091
0 0.5906204201270151 0.5951327433628318 0.03175378602833415 0.049410029498525077
0 0.633610161211529 0.6113569321533924 0.03957010258915486 0.06415929203539823
0 0.6638983878847093 0.6408554572271387 0.03712750366389839 0.058997050147492625
0 0.6590131900341963 0.6061946902654868 0.0268685881778212 0.03908554572271387
0 0.6961406936980947 0.6202064896755162 0.02882266731802638 0.045722713864306784
0 0.7371763556424035 0.644542772861357 0.04738641914997557 0.06342182890855458
0 0.7191011235955056 0.6069321533923304 0.02882266731802638 0.049410029498525077
0 0.7635564240351734 0.6091445427728613 0.033707865168539325 0.049410029498525077
0 0.7879824132877381 0.640117994100295 0.044455300439667805 0.07079646017699115
0 0.7948216902784563 0.5980825958702065 0.03175378602833415 0.05088495575221239
0 0.8382999511480215 0.6076696165191741 0.040058622374206154 0.06858407079646017
0 0.8568637029799707 0.5988200589970502 0.03175378602833415 0.05383480825958702
0 0.8715192965315095 0.6740412979351033 0.04592085979482169 0.08112094395280237
0 0.714704445530044 0.4690265486725664 0.022960429897410845 0.04056047197640118