0 0.08765432098765433 0.5685185185185185 0.10617283950617284 0.15925925925925927
0 0.15925925925925927 0.45 0.09135802469135802 0.15185185185185185
0 0.2679012345679012 0.29444444444444445 0.06666666666666667 0.11481481481481481
0 0.39012345679012345 0.24444444444444444 0.044444444444444446 0.07407407407407407
0 0.4666666666666667 0.5259259259259259 0.09382716049382717 0.16296296296296298
0 0.48641975308641977 0.4722222222222222 0.07407407407407407 0.12962962962962962
0 0.5024691358024691 0.39444444444444443 0.07654320987654321 0.12962962962962962
0 0.6259259259259259 0.35185185185185186 0.056790123456790124 0.1037037037037037
0 0.6432098765432098 0.6314814814814815 0.14074074074074075 0.24814814814814815
0 0.774074074074074 0.8388888888888889 0.23950617283950618 0.3148148148148148
0 0.7049382716049383 0.34074074074074073 0.04197530864197531 0.07407407407407407
0 0.7518518518518519 0.31666666666666665 0.037037037037037035 0.07037037037037037
0 0.7851851851851852 0.35555555555555557 0.03950617283950617 0.07407407407407407
0 0.8333333333333334 0.34074074074074073 0.056790123456790124 0.0962962962962963
0 0.8419753086419753 0.39814814814814814 0.05925925925925926 0.08518518518518518
0 0.9407407407407408 0.42407407407407405 0.08888888888888889 0.13703703703703704