0 0.47802734375 0.29523809523809524 0.06103515625 0.11721611721611722
0 0.45703125 0.6857142857142857 0.1015625 0.15897435897435896
0 0.478515625 0.8227106227106227 0.12158203125 0.14358974358974358
0 0.77294921875 0.6454212454212455 0.0791015625 0.1443223443223443
0 0.74853515625 0.5736263736263736 0.07275390625 0.10622710622710622
0 0.80712890625 0.7098901098901099 0.09423828125 0.14285714285714285
0 0.9462890625 0.8102564102564103 0.107421875 0.21318681318681318
0 0.27734375 0.5970695970695971 0.06494140625 0.10915750915750916
0 0.197265625 0.6879120879120879 0.09375 0.17362637362637362
0 0.1064453125 0.7772893772893773 0.1611328125 0.24468864468864468
0 0.08984375 0.6073260073260073 0.0830078125 0.126007326007326