0 0.05444444444444444 0.39 0.05555555555555555 0.07333333333333333
0 0.2 0.3883333333333333 0.044444444444444446 0.056666666666666664
0 0.24 0.36833333333333335 0.02666666666666667 0.05
0 0.3011111111111111 0.39666666666666667 0.042222222222222223 0.06
0 0.31333333333333335 0.5066666666666667 0.07555555555555556 0.11333333333333333
0 0.39555555555555555 0.46166666666666667 0.06666666666666667 0.09666666666666666
0 0.37666666666666665 0.39166666666666666 0.03777777777777778 0.06333333333333334
0 0.3511111111111111 0.37666666666666665 0.03111111111111111 0.04
0 0.46 0.37833333333333335 0.03111111111111111 0.043333333333333335
0 0.5211111111111111 0.425 0.042222222222222223 0.06333333333333334
0 0.5455555555555556 0.5383333333333333 0.09555555555555556 0.17666666666666667
0 0.5911111111111111 0.49166666666666664 0.05333333333333334 0.09666666666666666
0 0.6577777777777778 0.45666666666666667 0.035555555555555556 0.06
0 0.5966666666666667 0.4166666666666667 0.03333333333333333 0.04666666666666667
0 0.6177777777777778 0.37333333333333335 0.02666666666666667 0.04
0 0.67 0.4083333333333333 0.024444444444444446 0.043333333333333335
0 0.6888888888888889 0.37666666666666665 0.022222222222222223 0.04
0 0.7422222222222222 0.41333333333333333 0.044444444444444446 0.06
0 0.7711111111111111 0.49166666666666664 0.057777777777777775 0.09
0 0.7966666666666666 0.575 0.10888888888888888 0.16333333333333333
0 0.8566666666666667 0.4666666666666667 0.05555555555555555 0.08
0 0.8833333333333333 0.445 0.03777777777777778 0.056666666666666664
0 0.8911111111111111 0.4116666666666667 0.02666666666666667 0.043333333333333335