0 0.02247191011235955 0.42482758620689653 0.04152418172936004 0.06896551724137931
0 0.1167562286272594 0.42689655172413793 0.06595017098192477 0.09241379310344827
0 0.15681485100146556 0.4710344827586207 0.03957010258915486 0.06689655172413793
0 0.22325354176844162 0.4496551724137931 0.0718124084025403 0.10896551724137932
0 0.30288226673180263 0.4572413793103448 0.04934049829018075 0.08344827586206896
0 0.33952125061064975 0.4613793103448276 0.029311187103077674 0.05586206896551724
0 0.3727405959941378 0.4510344827586207 0.04103566194430874 0.06482758620689655
0 0.3859306301905227 0.48137931034482756 0.04152418172936004 0.06758620689655172
0 0.43820224719101125 0.45241379310344826 0.027357107962872496 0.04551724137931035
0 0.487542745481192 0.4289655172413793 0.05959941377625794 0.09793103448275862
0 0.5495847581827064 0.46413793103448275 0.04250122129946263 0.07103448275862069
0 0.6331216414264778 0.4324137931034483 0.05031753786028334 0.07172413793103448
0 0.7469467513434294 0.42689655172413793 0.05764533463605276 0.09655172413793103
0 0.7806546165119688 0.4517241379310345 0.03957010258915486 0.07310344827586207
0 0.8324377137274059 0.44275862068965516 0.05813385442110405 0.07517241379310345
0 0.8969223253541768 0.44 0.04298974108451392 0.08137931034482758
0 0.9423546653639472 0.38275862068965516 0.10405471421592574 0.17517241379310344