0 0.0205078125 0.5303819444444444 0.0302734375 0.06597222222222222
0 0.16064453125 0.5711805555555556 0.0576171875 0.11024305555555555
0 0.166015625 0.4756944444444444 0.03466796875 0.06944444444444445
0 0.20166015625 0.5390625 0.041015625 0.07465277777777778
0 0.10107421875 0.6067708333333334 0.04345703125 0.07291666666666667
0 0.25244140625 0.5920138888888888 0.0791015625 0.1423611111111111
0 0.3212890625 0.7404513888888888 0.1513671875 0.359375
0 0.3212890625 0.5512152777777778 0.04638671875 0.078125
0 0.279296875 0.5347222222222222 0.041015625 0.0920138888888889
0 0.38037109375 0.5833333333333334 0.03857421875 0.08246527777777778
0 0.388671875 0.5538194444444444 0.0361328125 0.06944444444444445
0 0.4423828125 0.5842013888888888 0.04248046875 0.09114583333333333
0 0.52001953125 0.6137152777777778 0.08154296875 0.1605902777777778
0 0.57568359375 0.5746527777777778 0.04052734375 0.08506944444444445
0 0.61376953125 0.5859375 0.03466796875 0.0876736111111111
0 0.5224609375 0.4262152777777778 0.029296875 0.0642361111111111
0 0.90234375 0.6085069444444444 0.03857421875 0.0703125
0 0.92333984375 0.6345486111111112 0.04931640625 0.08680555555555555