0 0.09555555555555556 0.7474916387959866 0.06222222222222222 0.0903010033444816
0 0.06666666666666667 0.705685618729097 0.04 0.06020066889632107
0 0.11555555555555555 0.68561872909699 0.04 0.06020066889632107
0 0.13333333333333333 0.7006688963210702 0.035555555555555556 0.056856187290969896
0 0.15555555555555556 0.7324414715719063 0.05333333333333334 0.07357859531772576
0 0.1711111111111111 0.6705685618729097 0.035555555555555556 0.05016722408026756
0 0.21444444444444444 0.7107023411371237 0.03777777777777778 0.056856187290969896
0 0.22 0.6739130434782609 0.02666666666666667 0.043478260869565216
0 0.23777777777777778 0.6505016722408027 0.02666666666666667 0.043478260869565216
0 0.24555555555555555 0.6839464882943144 0.028888888888888888 0.05016722408026756
0 0.23666666666666666 0.8244147157190636 0.09555555555555556 0.15719063545150502
0 0.29444444444444445 0.8010033444816054 0.06 0.10367892976588629
0 0.32555555555555554 0.7675585284280937 0.04666666666666667 0.07692307692307693
0 0.27555555555555555 0.6705685618729097 0.02666666666666667 0.05016722408026756
0 0.2966666666666667 0.6521739130434783 0.02 0.033444816053511704
0 0.3211111111111111 0.6471571906354515 0.024444444444444446 0.03678929765886288
0 0.37222222222222223 0.7107023411371237 0.03777777777777778 0.056856187290969896
0 0.38555555555555554 0.6939799331103679 0.03333333333333333 0.056856187290969896
0 0.4122222222222222 0.6688963210702341 0.03333333333333333 0.05351170568561873
0 0.42444444444444446 0.6404682274247492 0.02666666666666667 0.03678929765886288
0 0.38333333333333336 0.8060200668896321 0.08222222222222222 0.14715719063545152
0 0.4533333333333333 0.802675585284281 0.057777777777777775 0.14046822742474915
0 0.4766666666666667 0.717391304347826 0.03777777777777778 0.06354515050167224
0 0.4666666666666667 0.68561872909699 0.03111111111111111 0.04013377926421405
0 0.4711111111111111 0.6471571906354515 0.022222222222222223 0.03678929765886288
0 0.52 0.6020066889632107 0.022222222222222223 0.04013377926421405
0 0.5166666666666667 0.6488294314381271 0.02 0.033444816053511704
0 0.5588888888888889 0.6538461538461539 0.024444444444444446 0.043478260869565216
0 0.5344444444444445 0.6872909698996655 0.03333333333333333 0.06354515050167224
0 0.5666666666666667 0.8411371237458194 0.08888888888888889 0.1505016722408027
0 0.58 0.7491638795986622 0.06222222222222222 0.09364548494983277
0 0.59 0.6906354515050167 0.03333333333333333 0.056856187290969896
0 0.6322222222222222 0.7307692307692307 0.03333333333333333 0.056856187290969896
0 0.6733333333333333 0.7408026755852842 0.04888888888888889 0.0903010033444816
0 0.71 0.7959866220735786 0.06888888888888889 0.12040133779264214
0 0.6522222222222223 0.6739130434782609 0.024444444444444446 0.05016722408026756
0 0.6466666666666666 0.6438127090301003 0.022222222222222223 0.030100334448160536
0 0.6888888888888889 0.6387959866220736 0.02666666666666667 0.04013377926421405
0 0.7088888888888889 0.6588628762541806 0.02666666666666667 0.046822742474916385
0 0.7344444444444445 0.6672240802675585 0.03333333333333333 0.056856187290969896
0 0.73 0.6337792642140468 0.024444444444444446 0.030100334448160536
0 0.77 0.6889632107023411 0.04666666666666667 0.07357859531772576
0 0.7755555555555556 0.6505016722408027 0.022222222222222223 0.043478260869565216
0 0.81 0.6638795986622074 0.028888888888888888 0.05016722408026756
0 0.8244444444444444 0.7307692307692307 0.035555555555555556 0.07023411371237458
0 0.8155555555555556 0.8712374581939799 0.09777777777777778 0.15719063545150502
0 0.9188888888888889 0.7759197324414716 0.05555555555555555 0.09364548494983277
0 0.9055555555555556 0.7140468227424749 0.03777777777777778 0.07023411371237458
0 0.9244444444444444 0.6906354515050167 0.044444444444444446 0.07692307692307693
0 0.8522222222222222 0.6538461538461539 0.03333333333333333 0.056856187290969896
0 0.98 0.6906354515050167 0.035555555555555556 0.07023411371237458