0 0.21058823529411766 0.2756849315068493 0.10588235294117647 0.17465753424657535
0 0.34705882352941175 0.261986301369863 0.09647058823529411 0.16095890410958905
0 0.4576470588235294 0.238013698630137 0.11058823529411765 0.18835616438356165
0 0.591764705882353 0.2226027397260274 0.09647058823529411 0.1643835616438356
0 0.7870588235294118 0.22773972602739725 0.11529411764705882 0.2089041095890411
0 0.9505882352941176 0.3647260273972603 0.042352941176470586 0.07876712328767123
0 0.9847058823529412 0.3818493150684932 0.02588235294117647 0.06506849315068493
0 0.14705882352941177 0.3476027397260274 0.04470588235294118 0.05136986301369863
0 0.28705882352941176 0.3424657534246575 0.03294117647058824 0.0547945205479452
0 0.09411764705882353 0.4023972602739726 0.0611764705882353 0.09246575342465753
0 0.04588235294117647 0.3202054794520548 0.03529411764705882 0.05821917808219178
0 0.08823529411764706 0.3065068493150685 0.04 0.05136986301369863