0 0.11962890625 0.6115434500648509 0.08154296875 0.0940337224383917
0 0.0224609375 0.5577172503242542 0.04150390625 0.07717250324254216
0 0.28662109375 0.5706874189364461 0.03271484375 0.040207522697795074
0 0.35400390625 0.4688715953307393 0.03271484375 0.055771725032425425
0 0.36767578125 0.5966277561608301 0.046875 0.08041504539559015
0 0.396484375 0.7626459143968871 0.19189453125 0.25616083009079116
0 0.4560546875 0.5875486381322957 0.04296875 0.07392996108949416
0 0.47802734375 0.5778210116731517 0.033203125 0.05317769130998703
0 0.5107421875 0.5875486381322957 0.04052734375 0.058365758754863814
0 0.650390625 0.6368352788586251 0.05029296875 0.07392996108949416
0 0.72607421875 0.6083009079118028 0.04296875 0.0654993514915694
0 0.71240234375 0.5927367055771725 0.02783203125 0.040207522697795074
0 0.59765625 0.5149156939040207 0.02490234375 0.040207522697795074
0 0.8095703125 0.6108949416342413 0.02734375 0.04345006485084306
0 0.82373046875 0.5946822308690013 0.0263671875 0.03826199740596628
0 0.841796875 0.6374837872892347 0.05126953125 0.07263294422827497
0 0.91845703125 0.6900129701686122 0.1162109375 0.14332036316472113
0 0.87255859375 0.622568093385214 0.04736328125 0.0654993514915694