0 0.039176626826029216 0.5610687022900763 0.05444887118193891 0.10941475826972011
0 0.18658698539176627 0.6692111959287532 0.0199203187250996 0.04071246819338423
0 0.21115537848605578 0.6641221374045801 0.02390438247011952 0.04580152671755725
0 0.1952191235059761 0.7010178117048346 0.02656042496679947 0.04834605597964377
0 0.2410358565737052 0.712468193384224 0.027888446215139442 0.061068702290076333
0 0.30278884462151395 0.6921119592875318 0.0398406374501992 0.07124681933842239
0 0.33731739707835323 0.6615776081424937 0.02656042496679947 0.07124681933842239
0 0.35856573705179284 0.6513994910941476 0.021248339973439574 0.05089058524173028
0 0.38313413014608233 0.6895674300254453 0.03054448871181939 0.08142493638676845
0 0.42297476759628155 0.6399491094147582 0.02257636122177955 0.05343511450381679
0 0.449535192563081 0.6297709923664122 0.0199203187250996 0.05343511450381679
0 0.5039840637450199 0.6768447837150128 0.03851261620185923 0.06615776081424936
0 0.5398406374501992 0.6361323155216285 0.03054448871181939 0.05597964376590331
0 0.6181938911022576 0.6730279898218829 0.05179282868525897 0.10941475826972011
0 0.6420982735723771 0.6081424936386769 0.027888446215139442 0.06615776081424936
0 0.7536520584329349 0.7417302798982188 0.05444887118193891 0.1297709923664122
0 0.7782204515272244 0.6666666666666666 0.04249667994687915 0.09669211195928754
0 0.9455511288180611 0.6399491094147582 0.04780876494023904 0.10941475826972011
0 0.9853917662682603 0.6183206106870229 0.02656042496679947 0.08651399491094147
0 0.6102257636122178 0.6374045801526718 0.03054448871181939 0.0737913486005089