0 0.281 0.6193353474320241 0.022 0.03625377643504532
0 0.267 0.8368580060422961 0.05 0.07854984894259819
0 0.315 0.783987915407855 0.038 0.0513595166163142
0 0.254 0.7749244712990937 0.028 0.03927492447129909
0 0.216 0.7960725075528701 0.036 0.045317220543806644
0 0.171 0.7809667673716012 0.026 0.03927492447129909
0 0.209 0.9093655589123867 0.054 0.09063444108761329
0 0.128 0.947129909365559 0.068 0.09365558912386707
0 0.147 0.8534743202416919 0.042 0.0634441087613293
0 0.114 0.7930513595166163 0.032 0.03927492447129909
0 0.101 0.7824773413897281 0.03 0.04229607250755287
0 0.031 0.8141993957703928 0.03 0.045317220543806644
0 0.037 0.8957703927492447 0.062 0.08157099697885196
0 0.641 0.7764350453172205 0.03 0.054380664652567974
0 0.666 0.8202416918429003 0.032 0.0513595166163142
0 0.698 0.8413897280966768 0.056 0.06948640483383686
0 0.728 0.7749244712990937 0.028 0.045317220543806644
0 0.767 0.7719033232628398 0.034 0.05740181268882175
0 0.779 0.8851963746223565 0.054 0.09063444108761329
0 0.828 0.7779456193353474 0.036 0.05740181268882175
0 0.85 0.7673716012084593 0.032 0.054380664652567974
0 0.919 0.7522658610271903 0.03 0.04229607250755287
0 0.922 0.8897280966767371 0.052 0.0755287009063444
0 0.962 0.8353474320241692 0.044 0.0634441087613293
0 0.986 0.7885196374622356 0.024 0.04833836858006042
0 0.986 0.7552870090634441 0.024 0.03625377643504532