0 0.37939453125 0.6434782608695652 0.09912109375 0.20173913043478262
0 0.22265625 0.5339130434782609 0.05224609375 0.08608695652173913
0 0.1650390625 0.48869565217391303 0.05224609375 0.10173913043478261
0 0.1142578125 0.48434782608695653 0.04248046875 0.08695652173913043
0 0.07470703125 0.46695652173913044 0.04150390625 0.08347826086956522
0 0.0498046875 0.4582608695652174 0.02734375 0.06434782608695652
0 0.021484375 0.4226086956521739 0.021484375 0.04434782608695652
0 0.12255859375 0.3991304347826087 0.0205078125 0.04608695652173913
0 0.17138671875 0.41739130434782606 0.02880859375 0.05478260869565217
0 0.208984375 0.4408695652173913 0.0283203125 0.05391304347826087
0 0.25048828125 0.44173913043478263 0.03125 0.05217391304347826
0 0.2880859375 0.4330434782608696 0.0322265625 0.05652173913043478
0 0.3291015625 0.4782608695652174 0.04248046875 0.06956521739130435
0 0.37255859375 0.44956521739130434 0.02880859375 0.06434782608695652
0 0.41357421875 0.46956521739130436 0.04541015625 0.06869565217391305
0 0.49072265625 0.4678260869565217 0.0498046875 0.0808695652173913
0 0.46142578125 0.4191304347826087 0.03369140625 0.06869565217391305
0 0.49609375 0.39652173913043476 0.01953125 0.051304347826086956
0 0.3564453125 0.3173913043478261 0.0341796875 0.06173913043478261
0 0.56298828125 0.39217391304347826 0.02001953125 0.04434782608695652
0 0.58447265625 0.42782608695652175 0.03564453125 0.07043478260869565
0 0.6484375 0.46 0.05126953125 0.08956521739130435
0 0.62744140625 0.42 0.03125 0.06
0 0.62451171875 0.37130434782608696 0.01220703125 0.023478260869565216
0 0.662109375 0.36695652173913046 0.01318359375 0.035652173913043476
0 0.64599609375 0.39304347826086955 0.02001953125 0.050434782608695654
0 0.68310546875 0.44956521739130434 0.03173828125 0.06956521739130435
0 0.69580078125 0.41130434782608694 0.0234375 0.0408695652173913
0 0.693359375 0.3617391304347826 0.01318359375 0.03130434782608696
0 0.71337890625 0.36695652173913046 0.0166015625 0.026956521739130435
0 0.71728515625 0.3391304347826087 0.01611328125 0.02608695652173913
0 0.76220703125 0.31043478260869567 0.01513671875 0.035652173913043476
0 0.80029296875 0.37565217391304345 0.02001953125 0.03304347826086956
0 0.7958984375 0.348695652173913 0.0166015625 0.019130434782608695
0 0.7783203125 0.38521739130434784 0.02099609375 0.03391304347826087
0 0.74609375 0.41043478260869565 0.021484375 0.043478260869565216
0 0.72900390625 0.3939130434782609 0.0166015625 0.035652173913043476
0 0.76123046875 0.43826086956521737 0.03271484375 0.058260869565217394
0 0.7900390625 0.4295652173913043 0.02099609375 0.036521739130434785
0 0.83203125 0.42086956521739133 0.0234375 0.04434782608695652
0 0.849609375 0.3556521739130435 0.01513671875 0.0408695652173913
0 0.876953125 0.37043478260869567 0.01953125 0.035652173913043476
0 0.88671875 0.35478260869565215 0.01953125 0.03217391304347826
0 0.927734375 0.34695652173913044 0.0166015625 0.023478260869565216
0 0.9521484375 0.36869565217391304 0.01806640625 0.04
0 0.97314453125 0.3591304347826087 0.0146484375 0.03130434782608696
0 0.99169921875 0.3939130434782609 0.01513671875 0.03826086956521739
0 0.98779296875 0.4539130434782609 0.02197265625 0.06608695652173913
0 0.9345703125 0.6026086956521739 0.087890625 0.1608695652173913
0 0.8994140625 0.5017391304347826 0.056640625 0.09304347826086956
0 0.8837890625 0.4356521739130435 0.02978515625 0.05565217391304348
0 0.8623046875 0.4295652173913043 0.02490234375 0.059130434782608696
0 0.94873046875 0.4078260869565217 0.02197265625 0.04782608695652174
0 0.7421875 0.5704347826086956 0.08056640625 0.15043478260869564
0 0.642578125 0.6739130434782609 0.1123046875 0.21304347826086956