0 0.064453125 0.5684981684981685 0.0244140625 0.0336996336996337
0 0.11328125 0.5663003663003663 0.02587890625 0.04322344322344322
0 0.1220703125 0.5831501831501832 0.0263671875 0.041758241758241756
0 0.14404296875 0.5421245421245421 0.02001953125 0.0315018315018315
0 0.1650390625 0.547985347985348 0.0205078125 0.0315018315018315
0 0.2021484375 0.5538461538461539 0.01953125 0.030036630036630037
0 0.22509765625 0.5384615384615384 0.01708984375 0.030036630036630037
0 0.23291015625 0.5597069597069597 0.025390625 0.0380952380952381
0 0.26025390625 0.567032967032967 0.02294921875 0.04322344322344322
0 0.294921875 0.643956043956044 0.0439453125 0.06373626373626373
0 0.27197265625 0.5384615384615384 0.01953125 0.027106227106227107
0 0.28857421875 0.5465201465201465 0.01708984375 0.02857142857142857
0 0.31640625 0.5347985347985348 0.0126953125 0.02490842490842491
0 0.31982421875 0.5545787545787546 0.02001953125 0.0315018315018315
0 0.337890625 0.5472527472527473 0.01806640625 0.03736263736263736
0 0.34716796875 0.5560439560439561 0.01708984375 0.034432234432234435
0 0.35595703125 0.5340659340659341 0.01611328125 0.02490842490842491
0 0.330078125 0.5318681318681319 0.01318359375 0.02197802197802198
0 0.3828125 0.5465201465201465 0.02099609375 0.0315018315018315
0 0.396484375 0.5377289377289377 0.0146484375 0.02783882783882784
0 0.38330078125 0.5934065934065934 0.037109375 0.054212454212454214
0 0.36865234375 0.5992673992673992 0.02197265625 0.04249084249084249
0 0.431640625 0.6 0.03515625 0.054945054945054944
0 0.42431640625 0.6901098901098901 0.0693359375 0.09377289377289377
0 0.4287109375 0.545054945054945 0.01416015625 0.026373626373626374
0 0.44482421875 0.550915750915751 0.02099609375 0.035164835164835165
0 0.4423828125 0.5318681318681319 0.01171875 0.018315018315018316
0 0.462890625 0.5333333333333333 0.015625 0.02564102564102564
0 0.431640625 0.5274725274725275 0.01220703125 0.01684981684981685
0 0.50732421875 0.49157509157509155 0.02197265625 0.035897435897435895
0 0.54931640625 0.5135531135531135 0.01123046875 0.021245421245421246
0 0.56298828125 0.517948717948718 0.009765625 0.02197802197802198
0 0.57666015625 0.5318681318681319 0.01318359375 0.02564102564102564
0 0.5986328125 0.5223443223443224 0.0126953125 0.02564102564102564
0 0.59716796875 0.5406593406593406 0.01171875 0.026373626373626374
0 0.5419921875 0.5435897435897435 0.0166015625 0.02783882783882784
0 0.5224609375 0.5721611721611721 0.0263671875 0.04322344322344322
0 0.50244140625 0.6241758241758242 0.04638671875 0.07179487179487179
0 0.4970703125 0.7941391941391941 0.0947265625 0.14358974358974358
0 0.57666015625 0.580952380952381 0.02734375 0.041758241758241756
0 0.61767578125 0.5728937728937729 0.02490234375 0.04249084249084249
0 0.63232421875 0.6344322344322344 0.04541015625 0.08058608058608059
0 0.716796875 0.6732600732600733 0.05517578125 0.08937728937728938
0 0.6640625 0.5934065934065934 0.03076171875 0.05201465201465202
0 0.69580078125 0.5794871794871795 0.03759765625 0.06227106227106227
0 0.65283203125 0.5641025641025641 0.02490234375 0.04249084249084249
0 0.63037109375 0.5428571428571428 0.02099609375 0.035897435897435895
0 0.61376953125 0.5186813186813187 0.01220703125 0.02271062271062271
0 0.64013671875 0.5164835164835165 0.01220703125 0.021245421245421246
0 0.65771484375 0.5267399267399268 0.01416015625 0.026373626373626374
0 0.66357421875 0.5186813186813187 0.013671875 0.018315018315018316
0 0.67626953125 0.536996336996337 0.0224609375 0.0315018315018315
0 0.68212890625 0.5135531135531135 0.01416015625 0.020512820512820513
0 0.65087890625 0.48424908424908425 0.0107421875 0.01684981684981685
0 0.6298828125 0.47619047619047616 0.009765625 0.01391941391941392
0 0.703125 0.5238095238095238 0.01220703125 0.01978021978021978
0 0.70849609375 0.515018315018315 0.01318359375 0.020512820512820513
0 0.72705078125 0.5252747252747253 0.01708984375 0.029304029304029304
0 0.72998046875 0.5714285714285714 0.0234375 0.04468864468864469
0 0.7451171875 0.5406593406593406 0.01708984375 0.02857142857142857
0 0.74609375 0.5157509157509158 0.01171875 0.01978021978021978
0 0.76416015625 0.5340659340659341 0.01806640625 0.035164835164835165
0 0.779296875 0.5582417582417583 0.02197265625 0.041758241758241756
0 0.7998046875 0.578021978021978 0.03125 0.05054945054945055
0 0.7744140625 0.526007326007326 0.01611328125 0.027106227106227107
0 0.794921875 0.5194139194139195 0.01123046875 0.02271062271062271
0 0.80615234375 0.5362637362637362 0.017578125 0.029304029304029304
0 0.81396484375 0.5208791208791209 0.01025390625 0.020512820512820513
0 0.8203125 0.5318681318681319 0.01171875 0.02271062271062271
0 0.8310546875 0.5384615384615384 0.01708984375 0.034432234432234435
0 0.84619140625 0.5304029304029304 0.013671875 0.027106227106227107
0 0.84912109375 0.5201465201465202 0.0107421875 0.01904761904761905
0 0.8603515625 0.536996336996337 0.01513671875 0.026373626373626374
0 0.87646484375 0.5421245421245421 0.01611328125 0.02783882783882784
0 0.87109375 0.5706959706959707 0.02099609375 0.041758241758241756
0 0.82568359375 0.6227106227106227 0.0439453125 0.08131868131868132
0 0.90283203125 0.5758241758241758 0.02978515625 0.04835164835164835
0 0.90771484375 0.5311355311355311 0.015625 0.02564102564102564
0 0.89697265625 0.5355311355311355 0.01123046875 0.02271062271062271
0 0.9326171875 0.5684981684981685 0.0244140625 0.046153846153846156
0 0.96337890625 0.5516483516483517 0.025390625 0.035897435897435895
0 0.98291015625 0.5487179487179488 0.01806640625 0.03223443223443224
0 0.94873046875 0.5465201465201465 0.015625 0.0315018315018315
0 0.93896484375 0.5238095238095238 0.0166015625 0.02783882783882784
0 0.94873046875 0.5252747252747253 0.0107421875 0.02197802197802198
0 0.97216796875 0.5304029304029304 0.0166015625 0.021245421245421246