0 0.2738205365402405 0.6300699300699301 0.07400555041628122 0.11048951048951049
0 0.20490286771507862 0.541958041958042 0.037927844588344126 0.06293706293706294
0 0.11887141535615171 0.5657342657342658 0.039777983348751156 0.06573426573426573
0 0.06290471785383904 0.5048951048951049 0.03145235892691952 0.04755244755244755
0 0.024514338575393153 0.4874125874125874 0.028677150786308975 0.057342657342657345
0 0.05920444033302498 0.4727272727272727 0.03700277520814061 0.04195804195804196
0 0.06475485661424607 0.44685314685314687 0.020351526364477335 0.02937062937062937
0 0.09481961147086032 0.48041958041958044 0.02312673450508788 0.03496503496503497
0 0.11054579093432007 0.47202797202797203 0.01572617946345976 0.026573426573426574
0 0.10823311748381129 0.44195804195804195 0.016651248843663275 0.027972027972027972
0 0.14153561517113783 0.479020979020979 0.025901942645698426 0.04055944055944056
0 0.14014801110083255 0.45104895104895104 0.01572617946345976 0.026573426573426574
0 0.1484736355226642 0.3944055944055944 0.01942645698427382 0.027972027972027972
0 0.16975023126734506 0.4965034965034965 0.02497687326549491 0.044755244755244755
0 0.18501387604070305 0.47762237762237764 0.018501387604070305 0.03496503496503497
0 0.20860314523589268 0.4706293706293706 0.01572617946345976 0.03496503496503497
0 0.2414431082331175 0.493006993006993 0.025901942645698426 0.04895104895104895
0 0.25208140610545793 0.4783216783216783 0.02497687326549491 0.03636363636363636
0 0.24976873265494912 0.44195804195804195 0.016651248843663275 0.027972027972027972
0 0.29463459759481964 0.479020979020979 0.030527289546716005 0.046153846153846156
0 0.29740980573543013 0.45314685314685316 0.01757631822386679 0.025174825174825177
0 0.28538390379278444 0.4314685314685315 0.01572617946345976 0.023776223776223775
0 0.31822386679000925 0.44405594405594406 0.016651248843663275 0.026573426573426574
0 0.3233117483811286 0.43496503496503497 0.013876040703052728 0.019580419580419582
0 0.3450508788159112 0.44685314685314687 0.016651248843663275 0.02937062937062937
0 0.3714153561517114 0.5041958041958042 0.034227567067530065 0.04895104895104895
0 0.4010175763182239 0.5118881118881119 0.045328399629972246 0.07272727272727272
0 0.4158186864014801 0.6013986013986014 0.06938020351526364 0.12307692307692308
0 0.4592969472710453 0.5006993006993007 0.036077705827937095 0.05874125874125874
0 0.4213691026827012 0.46153846153846156 0.02312673450508788 0.039160839160839164
0 0.4010175763182239 0.45314685314685316 0.01942645698427382 0.03076923076923077
0 0.39222941720629045 0.4258741258741259 0.016651248843663275 0.02937062937062937
0 0.38020351526364476 0.43566433566433566 0.016651248843663275 0.032167832167832165
0 0.36493987049028676 0.4489510489510489 0.02127659574468085 0.03076923076923077
0 0.364477335800185 0.43496503496503497 0.016651248843663275 0.027972027972027972
0 0.4333950046253469 0.43356643356643354 0.012025901942645698 0.016783216783216783
0 0.44634597594819614 0.4433566433566434 0.01572617946345976 0.027972027972027972
0 0.47641073080481033 0.46783216783216786 0.022201665124884366 0.032167832167832165
0 0.5231267345050878 0.46293706293706294 0.02682701202590194 0.04755244755244755
0 0.5175763182238667 0.44195804195804195 0.01757631822386679 0.027972027972027972
0 0.5060129509713228 0.43496503496503497 0.014801110083256245 0.027972027972027972
0 0.5009250693802035 0.3902097902097902 0.013876040703052728 0.025174825174825177
0 0.4616096207215541 0.4342657342657343 0.0074005550416281225 0.01818181818181818
0 0.5568917668825162 0.48391608391608393 0.027752081406105456 0.05034965034965035
0 0.5430157261794635 0.5748251748251748 0.06290471785383904 0.0979020979020979
0 0.597132284921369 0.5671328671328671 0.05272895467160037 0.07972027972027972
0 0.5263644773358002 0.4195804195804196 0.011100832562442183 0.022377622377622378
0 0.545790934320074 0.43846153846153846 0.011100832562442183 0.026573426573426574
0 0.5647548566142461 0.44825174825174824 0.02127659574468085 0.032167832167832165
0 0.5703052728954672 0.42027972027972027 0.013876040703052728 0.023776223776223775
0 0.5911193339500462 0.42657342657342656 0.012950971322849213 0.022377622377622378
0 0.6049953746530989 0.43916083916083914 0.014801110083256245 0.025174825174825177
0 0.6022201665124884 0.45874125874125876 0.018501387604070305 0.03076923076923077
0 0.5966697502312673 0.4881118881118881 0.022201665124884366 0.039160839160839164
0 0.6359851988899168 0.4755244755244755 0.02312673450508788 0.039160839160839164
0 0.6313598519888992 0.4433566433566434 0.013876040703052728 0.027972027972027972
0 0.633672525439408 0.427972027972028 0.011100832562442183 0.019580419580419582
0 0.6558741905642923 0.4342657342657343 0.011100832562442183 0.02097902097902098
0 0.6683626271970398 0.4552447552447552 0.013876040703052728 0.02937062937062937
0 0.6655874190564293 0.493006993006993 0.030527289546716005 0.046153846153846156
0 0.7146160962072156 0.43356643356643354 0.01942645698427382 0.027972027972027972
0 0.7382053654024052 0.44195804195804195 0.018501387604070305 0.03636363636363636
0 0.7354301572617946 0.4881118881118881 0.025901942645698426 0.04755244755244755
0 0.723404255319149 0.47202797202797203 0.018501387604070305 0.032167832167832165
0 0.7627197039777983 0.4251748251748252 0.013876040703052728 0.022377622377622378
0 0.7641073080481036 0.44755244755244755 0.012950971322849213 0.027972027972027972
0 0.7756706753006476 0.45594405594405596 0.01757631822386679 0.03636363636363636
0 0.8061979648473635 0.44825174825174824 0.01942645698427382 0.03776223776223776
0 0.818686401480111 0.4188811188811189 0.016651248843663275 0.023776223776223775
0 0.8103607770582794 0.406993006993007 0.012950971322849213 0.022377622377622378
0 0.8307123034227567 0.4097902097902098 0.011100832562442183 0.019580419580419582
0 0.8330249768732655 0.43776223776223777 0.01572617946345976 0.03076923076923077
0 0.8297872340425532 0.4706293706293706 0.027752081406105456 0.043356643356643354
0 0.8459759481961147 0.5181818181818182 0.039777983348751156 0.06293706293706294
0 0.8589269195189639 0.46503496503496505 0.02497687326549491 0.043356643356643354
0 0.8640148011100832 0.43496503496503497 0.018501387604070305 0.03076923076923077
0 0.8556891766882516 0.4048951048951049 0.014801110083256245 0.026573426573426574
0 0.8788159111933395 0.4314685314685315 0.014801110083256245 0.032167832167832165
0 0.8977798334875116 0.45314685314685316 0.01942645698427382 0.03076923076923077
0 0.9019426456984274 0.4286713286713287 0.016651248843663275 0.03496503496503497
0 0.919981498612396 0.44825174825174824 0.01572617946345976 0.03776223776223776
0 0.9296947271045328 0.48391608391608393 0.03330249768732655 0.05314685314685315
0 0.9061054579093432 0.5104895104895105 0.036077705827937095 0.06433566433566433
0 0.9366327474560592 0.44545454545454544 0.01942645698427382 0.03496503496503497
0 0.9583718778908418 0.44405594405594406 0.016651248843663275 0.02937062937062937
0 0.9805735430157262 0.43566433566433566 0.018501387604070305 0.03496503496503497
0 0.9879740980573543 0.4783216783216783 0.022201665124884366 0.05034965034965035