0 0.142578125 0.3282051282051282 0.04052734375 0.07985347985347985
0 0.1962890625 0.3333333333333333 0.03125 0.0652014652014652
0 0.21484375 0.4095238095238095 0.04052734375 0.07032967032967033
0 0.25390625 0.5003663003663004 0.03173828125 0.0652014652014652
0 0.326171875 0.5567765567765568 0.0517578125 0.07985347985347985
0 0.46435546875 0.5391941391941392 0.0537109375 0.08717948717948718
0 0.56689453125 0.5487179487179488 0.0517578125 0.09010989010989011
0 0.68115234375 0.5091575091575091 0.04248046875 0.09010989010989011
0 0.2470703125 0.3384615384615385 0.0361328125 0.054212454212454214
0 0.27001953125 0.22490842490842491 0.029296875 0.05201465201465202
0 0.3046875 0.31794871794871793 0.03076171875 0.05714285714285714
0 0.35693359375 0.3142857142857143 0.03564453125 0.06886446886446887
0 0.3544921875 0.2153846153846154 0.02783203125 0.05641025641025641
0 0.40869140625 0.3523809523809524 0.0380859375 0.07252747252747253
0 0.447265625 0.3098901098901099 0.03125 0.060805860805860805
0 0.4306640625 0.22271062271062272 0.03125 0.060805860805860805
0 0.517578125 0.24102564102564103 0.02734375 0.054212454212454214
0 0.49169921875 0.3326007326007326 0.03564453125 0.06666666666666667
0 0.5556640625 0.31575091575091574 0.0380859375 0.07472527472527472
0 0.59521484375 0.336996336996337 0.0380859375 0.07032967032967033
0 0.5849609375 0.23809523809523808 0.0341796875 0.06593406593406594
0 0.6787109375 0.20586080586080585 0.041015625 0.07252747252747253
0 0.669921875 0.326007326007326 0.04052734375 0.07985347985347985
0 0.73486328125 0.3054945054945055 0.04296875 0.08278388278388278
0 0.763671875 0.29010989010989013 0.05078125 0.08351648351648351
0 0.75341796875 0.21684981684981686 0.04052734375 0.063003663003663
0 0.83984375 0.31062271062271063 0.0576171875 0.09084249084249084
0 0.97021484375 0.3333333333333333 0.0556640625 0.10036630036630037