0 0.07666666666666666 0.5384615384615384 0.08666666666666667 0.1301775147928994
0 0.16555555555555557 0.5710059171597633 0.11333333333333333 0.15384615384615385
0 0.21222222222222223 0.5207100591715976 0.06 0.10650887573964497
0 0.22555555555555556 0.1760355029585799 0.07333333333333333 0.10946745562130178
0 0.26555555555555554 0.5931952662721893 0.09555555555555556 0.13313609467455623
0 0.40555555555555556 0.7707100591715976 0.16666666666666666 0.23964497041420119
0 0.46 0.5325443786982249 0.06666666666666667 0.10059171597633136
0 0.5466666666666666 0.6020710059171598 0.11555555555555555 0.1804733727810651
0 0.5877777777777777 0.5192307692307693 0.08222222222222222 0.11538461538461539
0 0.6711111111111111 0.514792899408284 0.08 0.1242603550295858
0 0.8977777777777778 0.7189349112426036 0.15555555555555556 0.23076923076923078
0 0.8266666666666667 0.6035502958579881 0.09777777777777778 0.15976331360946747
0 0.8666666666666667 0.5340236686390533 0.08444444444444445 0.12721893491124261