0 0.17041015625 0.1956043956043956 0.251953125 0.3860805860805861
0 0.27734375 0.22783882783882783 0.0751953125 0.16923076923076924
0 0.3935546875 0.3347985347985348 0.0615234375 0.1443223443223443
0 0.44775390625 0.39853479853479856 0.09130859375 0.17435897435897435
0 0.35546875 0.5523809523809524 0.12841796875 0.2293040293040293
0 0.466796875 0.273992673992674 0.07080078125 0.14212454212454212
0 0.650390625 0.31062271062271063 0.0771484375 0.1523809523809524
0 0.72412109375 0.40366300366300367 0.109375 0.1684981684981685
0 0.6396484375 0.5868131868131868 0.11669921875 0.20952380952380953
0 0.6806640625 0.19633699633699633 0.076171875 0.13992673992673993
0 0.88330078125 0.3663003663003663 0.0927734375 0.18168498168498168
0 0.9677734375 0.5326007326007326 0.06396484375 0.2271062271062271
0 0.859375 0.2783882783882784 0.0927734375 0.19926739926739928