0 0.08194444444444444 0.83125 0.12777777777777777 0.24583333333333332
0 0.0625 0.48125 0.05555555555555555 0.10416666666666667
0 0.14930555555555555 0.6114583333333333 0.10138888888888889 0.17708333333333334
0 0.16319444444444445 0.46458333333333335 0.05694444444444444 0.0875
0 0.19166666666666668 0.4427083333333333 0.04722222222222222 0.08541666666666667
0 0.22708333333333333 0.5395833333333333 0.059722222222222225 0.11666666666666667
0 0.17083333333333334 0.5458333333333333 0.07222222222222222 0.12916666666666668
0 0.30625 0.4625 0.05416666666666667 0.1
0 0.42430555555555555 0.534375 0.07083333333333333 0.12708333333333333
0 0.4534722222222222 0.4791666666666667 0.05694444444444444 0.10833333333333334
0 0.41041666666666665 0.475 0.04583333333333333 0.07083333333333333
0 0.4048611111111111 0.42916666666666664 0.043055555555555555 0.06666666666666667
0 0.46875 0.8697916666666666 0.2152777777777778 0.25625
0 0.5055555555555555 0.7572916666666667 0.11666666666666667 0.14791666666666667
0 0.5909722222222222 0.49895833333333334 0.0625 0.09791666666666667
0 0.5854166666666667 0.45625 0.05138888888888889 0.08333333333333333
0 0.5756944444444444 0.4270833333333333 0.043055555555555555 0.06666666666666667
0 0.7368055555555556 0.45208333333333334 0.04583333333333333 0.07916666666666666
0 0.7375 0.515625 0.05277777777777778 0.08541666666666667
0 0.7722222222222223 0.5375 0.06388888888888888 0.1
0 0.6805555555555556 0.6447916666666667 0.07777777777777778 0.15625
0 0.8819444444444444 0.8791666666666667 0.15 0.23333333333333334
0 0.9597222222222223 0.7052083333333333 0.07777777777777778 0.16041666666666668
0 0.8743055555555556 0.5104166666666666 0.05416666666666667 0.1
0 0.9319444444444445 0.5208333333333334 0.05277777777777778 0.1