0 0.06640625 0.84375 0.1279296875 0.19596354166666666
0 0.12060546875 0.5872395833333334 0.07421875 0.111328125
0 0.17724609375 0.5794270833333334 0.05859375 0.095703125
0 0.322265625 0.6510416666666666 0.08837890625 0.126953125
0 0.30078125 0.5891927083333334 0.07568359375 0.10872395833333333
0 0.3408203125 0.54296875 0.05517578125 0.09635416666666667
0 0.4443359375 0.537109375 0.0625 0.099609375
0 0.51611328125 0.5227864583333334 0.06787109375 0.09635416666666667
0 0.51220703125 0.6009114583333334 0.091796875 0.11979166666666667
0 0.57666015625 0.3645833333333333 0.0634765625 0.08528645833333333
0 0.63916015625 0.5481770833333334 0.0703125 0.103515625
0 0.59619140625 0.6861979166666666 0.11474609375 0.15299479166666666
0 0.51416015625 0.9212239583333334 0.19580078125 0.15625
0 0.70068359375 0.5696614583333334 0.05126953125 0.08138020833333333
0 0.78369140625 0.51171875 0.06103515625 0.09440104166666667
0 0.8046875 0.646484375 0.1064453125 0.14192708333333334
0 0.8544921875 0.5677083333333334 0.07080078125 0.1015625
0 0.88623046875 0.513671875 0.05029296875 0.08463541666666667
0 0.9482421875 0.5052083333333334 0.08251953125 0.12174479166666667