0 0.1197829716193656 0.298494983277592 0.040901502504173626 0.08193979933110368
0 0.27212020033388984 0.3695652173913043 0.018363939899833055 0.046822742474916385
0 0.333889816360601 0.38377926421404684 0.018363939899833055 0.0451505016722408
0 0.35767946577629384 0.34531772575250835 0.014190317195325543 0.03177257525083612
0 0.3760434056761269 0.36538461538461536 0.019198664440734557 0.048494983277591976
0 0.40776293823038395 0.34448160535117056 0.014190317195325543 0.03678929765886288
0 0.44323873121869783 0.34615384615384615 0.01669449081803005 0.043478260869565216
0 0.44407345575959933 0.32441471571906355 0.011686143572621035 0.023411371237458192
0 0.48580968280467446 0.32525083612040134 0.01335559265442404 0.04180602006688963
0 0.5087646076794657 0.3511705685618729 0.012520868113522538 0.030100334448160536
0 0.47787979966611016 0.41304347826086957 0.024207011686143573 0.056856187290969896
0 0.5550918196994992 0.3779264214046823 0.021702838063439065 0.05016722408026756
0 0.5479966611018364 0.32525083612040134 0.012520868113522538 0.038461538461538464
0 0.5346410684474123 0.3093645484949833 0.014190317195325543 0.04013377926421405
0 0.578881469115192 0.31521739130434784 0.012520868113522538 0.03177257525083612
0 0.5893155258764607 0.3403010033444816 0.01669449081803005 0.04180602006688963
0 0.592237061769616 0.3804347826086957 0.024207011686143573 0.05518394648829431
0 0.6435726210350584 0.33277591973244147 0.025041736227045076 0.05016722408026756
0 0.654424040066778 0.31187290969899667 0.018363939899833055 0.04180602006688963
0 0.6836393989983306 0.36872909698996653 0.03005008347245409 0.06521739130434782
0 0.6861435726210351 0.3302675585284281 0.02337228714524207 0.05852842809364549
0 0.6836393989983306 0.28929765886287623 0.01335559265442404 0.033444816053511704
0 0.7049248747913188 0.28762541806020064 0.012520868113522538 0.030100334448160536
0 0.7362270450751253 0.29264214046822745 0.01335559265442404 0.04013377926421405
0 0.7541736227045075 0.3285953177257525 0.020868113522537562 0.051839464882943144
0 0.7683639398998331 0.3102006688963211 0.015859766277128547 0.038461538461538464
0 0.7520868113522537 0.28762541806020064 0.015025041736227046 0.030100334448160536
0 0.7954924874791319 0.3010033444816054 0.01669449081803005 0.04013377926421405
0 0.8192821368948247 0.3394648829431438 0.027545909849749584 0.05016722408026756
0 0.823873121869783 0.31438127090301005 0.01669449081803005 0.04013377926421405
0 0.8606010016694491 0.2817725752508361 0.018363939899833055 0.038461538461538464
0 0.9031719532554258 0.3219063545150502 0.02337228714524207 0.048494983277591976
0 0.9085976627712855 0.28678929765886285 0.019198664440734557 0.0451505016722408
0 0.9065108514190318 0.2600334448160535 0.018363939899833055 0.03511705685618729
0 0.9699499165275459 0.28929765886287623 0.021702838063439065 0.046822742474916385
0 0.9098497495826378 0.38461538461538464 0.05008347245409015 0.0802675585284281
0 0.7575125208681135 0.5367892976588629 0.05926544240400668 0.1505016722408027
0 0.7349749582637729 0.4690635451505017 0.04257095158597663 0.10535117056856187