0 0.06591796875 0.6757352941176471 0.08056640625 0.12573529411764706
0 0.02392578125 0.6139705882352942 0.03076171875 0.052941176470588235
0 0.1787109375 0.7904411764705882 0.1044921875 0.16911764705882354
0 0.203125 0.6735294117647059 0.05908203125 0.07794117647058824
0 0.1484375 0.6242647058823529 0.029296875 0.05073529411764706
0 0.12158203125 0.6551470588235294 0.02734375 0.041176470588235294
0 0.28369140625 0.6713235294117647 0.0693359375 0.10441176470588236
0 0.37451171875 0.6588235294117647 0.04296875 0.07720588235294118
0 0.45849609375 0.538235294117647 0.03271484375 0.06838235294117648
0 0.52587890625 0.6588235294117647 0.02880859375 0.04485294117647059
0 0.55615234375 0.6808823529411765 0.04296875 0.05514705882352941
0 0.6298828125 0.6933823529411764 0.0537109375 0.0838235294117647
0 0.6943359375 0.7588235294117647 0.10302734375 0.15808823529411764
0 0.78466796875 0.6977941176470588 0.02734375 0.051470588235294115
0 0.900390625 0.8316176470588236 0.19189453125 0.3352941176470588
0 0.82275390625 0.6897058823529412 0.033203125 0.0625