0 0.4636363636363636 0.2815699658703072 0.07727272727272727 0.13993174061433447
0 0.04318181818181818 0.5221843003412969 0.08181818181818182 0.15017064846416384
0 0.031818181818181815 0.3873720136518771 0.05 0.09215017064846416
0 0.06363636363636363 0.2354948805460751 0.03636363636363636 0.06825938566552901
0 0.08522727272727272 0.2713310580204778 0.04772727272727273 0.07849829351535836
0 0.13068181818181818 0.3361774744027304 0.06136363636363636 0.10580204778156997
0 0.1625 0.49658703071672355 0.07954545454545454 0.13993174061433447
0 0.24659090909090908 0.4761092150170648 0.07045454545454545 0.11262798634812286
0 0.2056818181818182 0.38054607508532423 0.04772727272727273 0.08532423208191127
0 0.21136363636363636 0.3293515358361775 0.04090909090909091 0.07167235494880546
0 0.20113636363636364 0.2150170648464164 0.038636363636363635 0.07508532423208192
0 0.24772727272727274 0.3361774744027304 0.04090909090909091 0.05802047781569966
0 0.2545454545454545 0.4402730375426621 0.06818181818181818 0.10921501706484642
0 0.3215909090909091 0.4112627986348123 0.05227272727272727 0.08532423208191127
0 0.35568181818181815 0.4283276450511945 0.07045454545454545 0.09897610921501707
0 0.2840909090909091 0.3003412969283277 0.02727272727272727 0.04778156996587031
0 0.32727272727272727 0.2935153583617747 0.031818181818181815 0.05460750853242321
0 0.35909090909090907 0.30204778156996587 0.02727272727272727 0.051194539249146756
0 0.39090909090909093 0.3225255972696246 0.031818181818181815 0.05802047781569966
0 0.4034090909090909 0.3003412969283277 0.029545454545454545 0.06825938566552901
0 0.4238636363636364 0.4112627986348123 0.04318181818181818 0.07849829351535836
0 0.5670454545454545 0.37542662116040953 0.020454545454545454 0.040955631399317405
0 0.5863636363636363 0.42150170648464164 0.031818181818181815 0.051194539249146756
0 0.5693181818181818 0.3447098976109215 0.025 0.04778156996587031