0 0.2421875 0.4375 0.03564453125 0.057291666666666664
0 0.1650390625 0.591796875 0.05224609375 0.06705729166666667
0 0.29736328125 0.6139322916666666 0.06689453125 0.087890625
0 0.361328125 0.5546875 0.05224609375 0.059244791666666664
0 0.51171875 0.56640625 0.052734375 0.07747395833333333
0 0.60205078125 0.6673177083333334 0.09912109375 0.14322916666666666
0 0.52392578125 0.5455729166666666 0.0341796875 0.042317708333333336
0 0.69677734375 0.5657552083333334 0.0556640625 0.064453125
0 0.7041015625 0.537109375 0.0322265625 0.037760416666666664
0 0.7705078125 0.5794270833333334 0.05419921875 0.087890625
0 0.7880859375 0.5377604166666666 0.0322265625 0.046223958333333336
0 0.845703125 0.5390625 0.0341796875 0.059895833333333336
0 0.8740234375 0.5345052083333334 0.0439453125 0.076171875
0 0.89990234375 0.5149739583333334 0.02392578125 0.046875
0 0.9345703125 0.546875 0.0380859375 0.068359375
0 0.93896484375 0.78515625 0.1201171875 0.23828125