0 0.46142578125 0.23502604166666666 0.10205078125 0.15299479166666666
0 0.55810546875 0.8118489583333334 0.2109375 0.3509114583333333
0 0.30224609375 0.6236979166666666 0.1513671875 0.24739583333333334
0 0.22265625 0.455078125 0.0869140625 0.13411458333333334
0 0.1708984375 0.4361979166666667 0.0576171875 0.09244791666666667
0 0.14208984375 0.3997395833333333 0.05712890625 0.09700520833333333
0 0.0888671875 0.42578125 0.05859375 0.07552083333333333
0 0.2646484375 0.4075520833333333 0.03955078125 0.07552083333333333
0 0.3076171875 0.4088541666666667 0.046875 0.07747395833333333
0 0.70556640625 0.6178385416666666 0.1201171875 0.18880208333333334
0 0.6806640625 0.4596354166666667 0.05810546875 0.09309895833333333
0 0.71533203125 0.4264322916666667 0.056640625 0.078125
0 0.806640625 0.4576822916666667 0.05419921875 0.09505208333333333
0 0.92919921875 0.689453125 0.1298828125 0.205078125
0 0.93798828125 0.556640625 0.103515625 0.15950520833333334
0 0.92529296875 0.4563802083333333 0.0556640625 0.072265625