0 0.07470703125 0.621978021978022 0.0361328125 0.05054945054945055
0 0.13818359375 0.6263736263736264 0.0322265625 0.05641025641025641
0 0.18115234375 0.6168498168498169 0.03076171875 0.041758241758241756
0 0.2236328125 0.6315018315018315 0.0390625 0.05274725274725275
0 0.279296875 0.6344322344322344 0.03271484375 0.04542124542124542
0 0.3330078125 0.6234432234432234 0.02734375 0.04835164835164835
0 0.361328125 0.6197802197802198 0.03125 0.054212454212454214
0 0.39013671875 0.6175824175824176 0.02734375 0.04249084249084249
0 0.42138671875 0.6087912087912087 0.0322265625 0.04908424908424908
0 0.5166015625 0.5956043956043956 0.037109375 0.06593406593406594
0 0.5849609375 0.6271062271062271 0.0341796875 0.046886446886446886
0 0.5986328125 0.6168498168498169 0.02587890625 0.046153846153846156
0 0.6513671875 0.6212454212454213 0.02783203125 0.05128205128205128
0 0.69677734375 0.6102564102564103 0.029296875 0.05054945054945055
0 0.73486328125 0.610989010989011 0.0361328125 0.06593406593406594
0 0.75634765625 0.6036630036630036 0.02783203125 0.05128205128205128
0 0.78076171875 0.6073260073260073 0.02392578125 0.041758241758241756
0 0.8310546875 0.6007326007326007 0.02783203125 0.04981684981684982
0 0.8916015625 0.5868131868131868 0.0361328125 0.060073260073260075
0 0.9765625 0.5853479853479854 0.03466796875 0.04908424908424908