0 0.06103515625 0.4290909090909091 0.04931640625 0.059393939393939395
0 0.03271484375 0.42424242424242425 0.03271484375 0.0503030303030303
0 0.11572265625 0.4109090909090909 0.041015625 0.06
0 0.1767578125 0.3896969696969697 0.041015625 0.05757575757575758
0 0.2001953125 0.4527272727272727 0.05078125 0.06484848484848485
0 0.25439453125 0.43393939393939396 0.0390625 0.05757575757575758
0 0.28173828125 0.4539393939393939 0.0390625 0.059393939393939395
0 0.29833984375 0.396969696969697 0.03662109375 0.051515151515151514
0 0.20361328125 0.20727272727272728 0.03271484375 0.04363636363636364
0 0.23876953125 0.22424242424242424 0.0341796875 0.048484848484848485
0 0.2783203125 0.22727272727272727 0.0302734375 0.04727272727272727
0 0.33154296875 0.23393939393939395 0.03515625 0.05393939393939394
0 0.361328125 0.21393939393939393 0.0224609375 0.03696969696969697
0 0.361328125 0.45454545454545453 0.0419921875 0.05818181818181818
0 0.35107421875 0.41454545454545455 0.03369140625 0.04666666666666667
0 0.36181640625 0.3890909090909091 0.037109375 0.044848484848484846
0 0.38330078125 0.21696969696969698 0.02294921875 0.03939393939393939
0 0.4189453125 0.42 0.0390625 0.048484848484848485
0 0.443359375 0.4018181818181818 0.029296875 0.04303030303030303
0 0.45654296875 0.37696969696969695 0.03271484375 0.045454545454545456
0 0.47021484375 0.4503030303030303 0.04150390625 0.06545454545454546
0 0.49853515625 0.43636363636363634 0.0380859375 0.06060606060606061
0 0.578125 0.45515151515151514 0.04296875 0.058787878787878785
0 0.57421875 0.41454545454545455 0.0341796875 0.041212121212121214
0 0.57421875 0.3878787878787879 0.02783203125 0.038181818181818185
0 0.6240234375 0.4109090909090909 0.03076171875 0.0496969696969697
0 0.65185546875 0.43454545454545457 0.03857421875 0.06121212121212121
0 0.5947265625 0.22121212121212122 0.0341796875 0.05515151515151515
0 0.67431640625 0.2109090909090909 0.03076171875 0.04242424242424243
0 0.5283203125 0.20606060606060606 0.0302734375 0.03333333333333333
0 0.50439453125 0.21818181818181817 0.01806640625 0.025454545454545455
0 0.48388671875 0.20363636363636364 0.0244140625 0.027878787878787878
0 0.43603515625 0.21454545454545454 0.03173828125 0.04181818181818182
0 0.41748046875 0.20545454545454545 0.0263671875 0.029696969696969697
0 0.4521484375 0.20424242424242425 0.0224609375 0.029696969696969697
0 0.7734375 0.22848484848484849 0.09375 0.1303030303030303
0 0.900390625 0.41515151515151516 0.03271484375 0.06303030303030303
0 0.951171875 0.4593939393939394 0.04541015625 0.07090909090909091