0 0.305 0.6275 0.10666666666666667 0.17
0 0.3883333333333333 0.5375 0.07 0.115
0 0.4625 0.35125 0.045 0.0875
0 0.5866666666666667 0.505 0.07666666666666666 0.11
0 0.6233333333333333 0.705 0.13333333333333333 0.225
0 0.5783333333333334 0.4375 0.06 0.085
0 0.7091666666666666 0.45125 0.045 0.0825
0 0.7383333333333333 0.49125 0.056666666666666664 0.0975
0 0.7841666666666667 0.41875 0.028333333333333332 0.0625
0 0.8516666666666667 0.43375 0.03666666666666667 0.0675
0 0.8525 0.53125 0.07833333333333334 0.1225
0 0.935 0.49125 0.06 0.1025
0 0.905 0.4575 0.04 0.06
0 0.9766666666666667 0.4675 0.04 0.07
0 0.9425 0.4375 0.025 0.05
0 0.06583333333333333 0.56875 0.08166666666666667 0.1325
0 0.0825 0.87375 0.15833333333333333 0.2475