0 0.95361328125 0.5882783882783883 0.09228515625 0.27912087912087913
0 0.91650390625 0.43736263736263736 0.1064453125 0.17655677655677657
0 0.8134765625 0.41611721611721614 0.08056640625 0.14871794871794872
0 0.708984375 0.4512820512820513 0.14501953125 0.21684981684981686
0 0.66943359375 0.8036630036630037 0.22412109375 0.39267399267399267
0 0.421875 0.6864468864468865 0.244140625 0.36043956043956044
0 0.51171875 0.5003663003663004 0.1015625 0.2087912087912088
0 0.564453125 0.4197802197802198 0.0888671875 0.16336996336996337
0 0.43359375 0.4146520146520147 0.0712890625 0.12087912087912088
0 0.36767578125 0.4014652014652015 0.08056640625 0.12967032967032968
0 0.2880859375 0.5113553113553113 0.12109375 0.21318681318681318
0 0.19140625 0.4673992673992674 0.08447265625 0.1523809523809524
0 0.1201171875 0.5245421245421246 0.1162109375 0.21245421245421245
0 0.0810546875 0.43663003663003663 0.07958984375 0.1282051282051282
0 0.0673828125 0.24835164835164836 0.04541015625 0.07179487179487179
0 0.138671875 0.25274725274725274 0.04541015625 0.073992673992674
0 0.16748046875 0.39706959706959705 0.06884765625 0.0967032967032967
0 0.12548828125 0.36923076923076925 0.05908203125 0.0989010989010989
0 0.07666015625 0.36336996336996336 0.0537109375 0.08424908424908426