0 0.1162109375 0.4466145833333333 0.06982421875 0.099609375
0 0.244140625 0.4798177083333333 0.07470703125 0.11979166666666667
0 0.3173828125 0.369140625 0.046875 0.08333333333333333
0 0.24609375 0.330078125 0.03662109375 0.061848958333333336
0 0.26953125 0.30078125 0.03369140625 0.046223958333333336
0 0.18115234375 0.3255208333333333 0.03466796875 0.056640625
0 0.10009765625 0.3567708333333333 0.04345703125 0.07096354166666667
0 0.04345703125 0.3528645833333333 0.0380859375 0.061848958333333336
0 0.3330078125 0.2955729166666667 0.033203125 0.049479166666666664
0 0.35107421875 0.2760416666666667 0.02783203125 0.041666666666666664
0 0.404296875 0.2838541666666667 0.025390625 0.04296875
0 0.41796875 0.2649739583333333 0.021484375 0.033854166666666664
0 0.466796875 0.265625 0.02734375 0.0390625
0 0.4599609375 0.2552083333333333 0.02001953125 0.037760416666666664
0 0.50732421875 0.2610677083333333 0.021484375 0.041015625
0 0.494140625 0.3098958333333333 0.03076171875 0.060546875
0 0.51904296875 0.330078125 0.037109375 0.06380208333333333
0 0.4462890625 0.3359375 0.037109375 0.0625
0 0.42626953125 0.3776041666666667 0.04541015625 0.07682291666666667
0 0.5595703125 0.2942708333333333 0.029296875 0.05859375
0 0.58203125 0.3001302083333333 0.03369140625 0.0546875
0 0.6044921875 0.2708333333333333 0.0224609375 0.043619791666666664
0 0.63427734375 0.2825520833333333 0.0302734375 0.052083333333333336
0 0.6435546875 0.2526041666666667 0.02490234375 0.0390625
0 0.6787109375 0.2649739583333333 0.0244140625 0.041666666666666664
0 0.7119140625 0.23828125 0.0234375 0.034505208333333336
0 0.7275390625 0.5247395833333334 0.0859375 0.16927083333333334
0 0.79541015625 0.4361979166666667 0.07373046875 0.109375
0 0.83447265625 0.3346354166666667 0.04296875 0.08528645833333333
0 0.85546875 0.2682291666666667 0.033203125 0.057291666666666664
0 0.87109375 0.24479166666666666 0.02685546875 0.0390625
0 0.875 0.27734375 0.021484375 0.048828125
0 0.94287109375 0.2578125 0.02685546875 0.04296875
0 0.962890625 0.291015625 0.0390625 0.07486979166666667