0 0.11181818181818182 0.4344660194174757 0.05272727272727273 0.06796116504854369
0 0.23 0.5218446601941747 0.05272727272727273 0.07281553398058252
0 0.34545454545454546 0.4854368932038835 0.05090909090909091 0.07766990291262135
0 0.43363636363636365 0.5060679611650486 0.06363636363636363 0.09951456310679611
0 0.5063636363636363 0.5303398058252428 0.06363636363636363 0.08980582524271845
0 0.46 0.49271844660194175 0.04 0.07281553398058252
0 0.5272727272727272 0.4842233009708738 0.04727272727272727 0.06067961165048544
0 0.6136363636363636 0.5097087378640777 0.045454545454545456 0.05825242718446602
0 0.6927272727272727 0.5048543689320388 0.08363636363636363 0.1407766990291262
0 0.65 0.48058252427184467 0.03090909090909091 0.04854368932038835
0 0.7918181818181819 0.5121359223300971 0.07818181818181819 0.11165048543689321
0 0.8554545454545455 0.5400485436893204 0.06727272727272728 0.10922330097087378
0 0.8572727272727273 0.48058252427184467 0.04909090909090909 0.0825242718446602
0 0.9409090909090909 0.49271844660194175 0.06727272727272728 0.0970873786407767
0 0.9790909090909091 0.47815533980582525 0.038181818181818185 0.07281553398058252