0 0.0625305324865657 0.8033625730994152 0.0903761602344895 0.15497076023391812
0 0.04934049829018075 0.6878654970760234 0.06643869076697606 0.10307017543859649
0 0.11822178798241328 0.6476608187134503 0.051783097215437224 0.06944444444444445
0 0.09281875915974597 0.6345029239766082 0.03663898387884709 0.06652046783625731
0 0.20078163165608207 0.6944444444444444 0.08158280410356619 0.13230994152046785
0 0.2154372252076209 0.6418128654970761 0.046409379579872984 0.08114035087719298
0 0.23204689789936492 0.6279239766081871 0.04738641914997557 0.07456140350877193
0 0.28578407425500735 0.6220760233918129 0.04298974108451392 0.06725146198830409
0 0.315095261358085 0.6834795321637427 0.06595017098192477 0.08187134502923976
0 0.30434782608695654 0.6388888888888888 0.04836345872007816 0.06944444444444445
0 0.3356130923302394 0.6001461988304093 0.03517342452369321 0.06359649122807018
0 0.3727405959941378 0.6242690058479532 0.04934049829018075 0.07236842105263158
0 0.4264777723497802 0.6652046783625731 0.04934049829018075 0.08625730994152046
0 0.42061553492916465 0.5986842105263158 0.043478260869565216 0.07675438596491228
0 0.35564240351734244 0.46345029239766083 0.029311187103077674 0.05555555555555555
0 0.3082559843673669 0.8779239766081871 0.28334147532975085 0.24415204678362573
0 0.5483634587200782 0.8417397660818714 0.18221787982413287 0.3165204678362573
0 0.5530043966780654 0.6271929824561403 0.056179775280898875 0.097953216374269
0 0.6443575964826576 0.8662280701754386 0.0898876404494382 0.1652046783625731
0 0.7293600390815828 0.7953216374269005 0.08646800195407914 0.13596491228070176
0 0.7083536883243772 0.6878654970760234 0.08158280410356619 0.12207602339181287
0 0.747923790913532 0.6476608187134503 0.06741573033707865 0.09868421052631579
0 0.7821201758671226 0.6052631578947368 0.04103566194430874 0.06432748538011696
0 0.9149975574010747 0.8435672514619883 0.11187103077674646 0.20248538011695907
0 0.9042501221299463 0.7090643274853801 0.09233023937469467 0.14692982456140352
0 0.8676111382510991 0.6257309941520468 0.051783097215437224 0.1067251461988304
0 0.8832437713727406 0.5964912280701754 0.06643869076697606 0.08845029239766082
0 0.9745969711773327 0.6622807017543859 0.050806057645334635 0.10307017543859649
0 0.9692232535417684 0.7799707602339181 0.061553492916463115 0.13304093567251463