0 0.114 0.3715753424657534 0.032 0.06506849315068493
0 0.151 0.3972602739726027 0.046 0.08904109589041095
0 0.206 0.4315068493150685 0.068 0.1232876712328767
0 0.248 0.488013698630137 0.044 0.11986301369863013
0 0.229 0.6438356164383562 0.078 0.15753424657534246
0 0.287 0.4332191780821918 0.042 0.07876712328767123
0 0.289 0.3835616438356164 0.026 0.04794520547945205
0 0.316 0.4126712328767123 0.028 0.06506849315068493
0 0.344 0.4383561643835616 0.04 0.08904109589041095
0 0.365 0.3852739726027397 0.026 0.05136986301369863
0 0.403 0.4212328767123288 0.034 0.06164383561643835
0 0.458 0.4229452054794521 0.036 0.07191780821917808
0 0.491 0.4332191780821918 0.03 0.05821917808219178
0 0.533 0.4434931506849315 0.038 0.06506849315068493
0 0.53 0.4914383561643836 0.044 0.08561643835616438
0 0.585 0.4452054794520548 0.034 0.07534246575342465
0 0.642 0.4606164383561644 0.032 0.05821917808219178
0 0.654 0.5 0.04 0.0684931506849315
0 0.679 0.4366438356164384 0.03 0.05821917808219178
0 0.68 0.3715753424657534 0.032 0.06506849315068493
0 0.772 0.2654109589041096 0.044 0.11301369863013698
0 0.879 0.3424657534246575 0.03 0.06164383561643835
0 0.235 0.4006849315068493 0.026 0.0547945205479452
0 0.208 0.3647260273972603 0.032 0.04452054794520548