0 0.94970703125 0.5125 0.04833984375 0.07720588235294118
0 0.88330078125 0.5727941176470588 0.07763671875 0.12573529411764706
0 0.76904296875 0.6588235294117647 0.0712890625 0.14411764705882352
0 0.69140625 0.6860294117647059 0.1611328125 0.25882352941176473
0 0.6025390625 0.5205882352941177 0.05126953125 0.08970588235294118
0 0.6591796875 0.4985294117647059 0.0478515625 0.075
0 0.69140625 0.46544117647058825 0.03125 0.06544117647058824
0 0.7373046875 0.47205882352941175 0.02978515625 0.05220588235294118
0 0.7783203125 0.4661764705882353 0.03466796875 0.07279411764705883
0 0.81494140625 0.47205882352941175 0.03466796875 0.0625
0 0.85791015625 0.4698529411764706 0.03076171875 0.060294117647058824
0 0.8818359375 0.47941176470588237 0.03271484375 0.06691176470588235
0 0.91357421875 0.4742647058823529 0.02490234375 0.04411764705882353
0 0.61279296875 0.45294117647058824 0.02392578125 0.04926470588235294
0 0.64306640625 0.4514705882352941 0.029296875 0.04632352941176471
0 0.59912109375 0.43014705882352944 0.017578125 0.03455882352941177
0 0.5615234375 0.4485294117647059 0.0263671875 0.04779411764705882
0 0.564453125 0.4227941176470588 0.02001953125 0.04044117647058824
0 0.50927734375 0.42205882352941176 0.01953125 0.03823529411764706
0 0.5234375 0.42058823529411765 0.01806640625 0.033823529411764704
0 0.50732421875 0.4551470588235294 0.025390625 0.051470588235294115
0 0.48974609375 0.46838235294117647 0.0498046875 0.08529411764705883
0 0.474609375 0.5352941176470588 0.0625 0.1161764705882353
0 0.39697265625 0.49558823529411766 0.0498046875 0.08308823529411764
0 0.32958984375 0.5735294117647058 0.07861328125 0.14191176470588235
0 0.158203125 0.6426470588235295 0.1005859375 0.18455882352941178
0 0.0849609375 0.5330882352941176 0.0703125 0.12058823529411765
0 0.01416015625 0.4573529411764706 0.025390625 0.07867647058823529
0 0.02099609375 0.4308823529411765 0.02783203125 0.060294117647058824
0 0.0595703125 0.45808823529411763 0.0390625 0.07426470588235294
0 0.07861328125 0.4073529411764706 0.03271484375 0.057352941176470586
0 0.056640625 0.3448529411764706 0.0244140625 0.033823529411764704
0 0.13427734375 0.4 0.029296875 0.04632352941176471
0 0.1474609375 0.3948529411764706 0.02099609375 0.039705882352941174
0 0.1494140625 0.4676470588235294 0.0498046875 0.07720588235294118
0 0.20458984375 0.42426470588235293 0.02587890625 0.04632352941176471
0 0.23583984375 0.40955882352941175 0.02099609375 0.04044117647058824
0 0.29150390625 0.4889705882352941 0.056640625 0.08823529411764706
0 0.29638671875 0.45441176470588235 0.0380859375 0.06544117647058824
0 0.3076171875 0.4139705882352941 0.02490234375 0.057352941176470586
0 0.3251953125 0.4102941176470588 0.02294921875 0.03676470588235294
0 0.2802734375 0.4073529411764706 0.01953125 0.03897058823529412
0 0.22509765625 0.3860294117647059 0.02294921875 0.028676470588235293
0 0.34130859375 0.4022058823529412 0.02099609375 0.04338235294117647
0 0.37255859375 0.3963235294117647 0.01416015625 0.028676470588235293
0 0.3818359375 0.4176470588235294 0.02099609375 0.045588235294117645
0 0.40283203125 0.3985294117647059 0.02587890625 0.04191176470588235
0 0.4052734375 0.4551470588235294 0.03466796875 0.04926470588235294
0 0.43115234375 0.4139705882352941 0.02587890625 0.04191176470588235
0 0.4580078125 0.43529411764705883 0.0224609375 0.041176470588235294
0 0.4599609375 0.4102941176470588 0.02099609375 0.03676470588235294