0 0.25866666666666666 0.75 0.14133333333333334 0.1797153024911032
0 0.5366666666666666 0.8460854092526691 0.17733333333333334 0.24733096085409254
0 0.6533333333333333 0.2775800711743772 0.08266666666666667 0.12811387900355872
0 0.36733333333333335 0.25444839857651247 0.05466666666666667 0.06761565836298933
0 0.2966666666666667 0.24377224199288255 0.05466666666666667 0.07473309608540925
0 0.23333333333333334 0.2606761565836299 0.06666666666666667 0.0800711743772242
0 0.16666666666666666 0.2793594306049822 0.058666666666666666 0.08185053380782918
0 0.118 0.31316725978647686 0.07066666666666667 0.08896797153024912
0 0.07133333333333333 0.35320284697508897 0.076 0.08362989323843416
0 0.07266666666666667 0.39234875444839856 0.07066666666666667 0.08362989323843416
0 0.044 0.4181494661921708 0.08 0.09252669039145907
0 0.051333333333333335 0.4884341637010676 0.09733333333333333 0.12277580071174377
0 0.051333333333333335 0.5720640569395018 0.09466666666666666 0.1583629893238434
0 0.09666666666666666 0.7161921708185054 0.14 0.19750889679715303