0 0.452 0.5945945945945946 0.052 0.09009009009009009
0 0.521 0.7537537537537538 0.07 0.12612612612612611
0 0.591 0.8168168168168168 0.074 0.12612612612612611
0 0.66 0.8048048048048048 0.064 0.08408408408408409
0 0.755 0.7567567567567568 0.07 0.10810810810810811
0 0.809 0.8498498498498499 0.102 0.13213213213213212
0 0.459 0.8843843843843844 0.11 0.14114114114114115
0 0.341 0.8078078078078078 0.078 0.12012012012012012
0 0.295 0.7717717717717718 0.07 0.0960960960960961
0 0.231 0.7402402402402403 0.07 0.10510510510510511
0 0.142 0.7072072072072072 0.06 0.0990990990990991