0 0.07846715328467153 0.47375690607734805 0.032846715328467155 0.04696132596685083
0 0.13138686131386862 0.42679558011049723 0.029197080291970802 0.052486187845303865
0 0.14963503649635038 0.47099447513812154 0.029197080291970802 0.058011049723756904
0 0.17062043795620438 0.44337016574585636 0.02737226277372263 0.052486187845303865
0 0.2071167883211679 0.47790055248618785 0.03102189781021898 0.06077348066298342
0 0.20894160583941607 0.430939226519337 0.03102189781021898 0.055248618784530384
0 0.24543795620437955 0.46685082872928174 0.03102189781021898 0.049723756906077346
0 0.2527372262773723 0.42679558011049723 0.023722627737226276 0.04696132596685083
0 0.2965328467153285 0.425414364640884 0.03102189781021898 0.055248618784530384
0 0.2782846715328467 0.4930939226519337 0.03102189781021898 0.052486187845303865
0 0.3193430656934307 0.48480662983425415 0.029197080291970802 0.04696132596685083
0 0.34215328467153283 0.44751381215469616 0.02737226277372263 0.049723756906077346
0 0.3658759124087591 0.48756906077348067 0.03102189781021898 0.058011049723756904
0 0.38777372262773724 0.4447513812154696 0.02737226277372263 0.06077348066298342
0 0.3978102189781022 0.4930939226519337 0.025547445255474453 0.052486187845303865
0 0.4416058394160584 0.4972375690607735 0.025547445255474453 0.049723756906077346
0 0.4324817518248175 0.4599447513812155 0.025547445255474453 0.052486187845303865
0 0.45711678832116787 0.44751381215469616 0.03102189781021898 0.055248618784530384
0 0.47992700729927007 0.4419889502762431 0.029197080291970802 0.049723756906077346
0 0.4927007299270073 0.47790055248618785 0.029197080291970802 0.06077348066298342
0 0.5337591240875912 0.48756906077348067 0.03102189781021898 0.052486187845303865
0 0.5264598540145985 0.45027624309392267 0.02737226277372263 0.049723756906077346
0 0.5574817518248175 0.4419889502762431 0.023722627737226276 0.049723756906077346
0 0.5666058394160584 0.4958563535911602 0.02737226277372263 0.052486187845303865
0 0.5994525547445255 0.5041436464088398 0.02737226277372263 0.052486187845303865
0 0.5866788321167883 0.4488950276243094 0.023722627737226276 0.052486187845303865
0 0.6113138686131386 0.4558011049723757 0.025547445255474453 0.049723756906077346
0 0.6368613138686131 0.4558011049723757 0.021897810218978103 0.04419889502762431
0 0.6395985401459854 0.4958563535911602 0.03102189781021898 0.04696132596685083
0 0.677007299270073 0.5124309392265194 0.029197080291970802 0.052486187845303865
0 0.6824817518248175 0.4613259668508287 0.029197080291970802 0.04419889502762431
0 0.7071167883211679 0.4930939226519337 0.020072992700729927 0.04143646408839779
0 0.7198905109489051 0.47375690607734805 0.023722627737226276 0.04143646408839779
0 0.739963503649635 0.48204419889502764 0.02737226277372263 0.04696132596685083
0 0.7627737226277372 0.4613259668508287 0.021897810218978103 0.04419889502762431
0 0.781934306569343 0.4889502762430939 0.02737226277372263 0.049723756906077346
0 0.833941605839416 0.47513812154696133 0.029197080291970802 0.06077348066298342
0 0.906934306569343 0.48342541436464087 0.032846715328467155 0.06077348066298342