0 0.0537109375 0.2456597222222222 0.1064453125 0.3454861111111111
0 0.1171875 0.2595486111111111 0.03857421875 0.07378472222222222
0 0.212890625 0.2821180555555556 0.111328125 0.21006944444444445
0 0.318359375 0.2847222222222222 0.06591796875 0.1545138888888889
0 0.36376953125 0.2708333333333333 0.0419921875 0.12586805555555555
0 0.40625 0.2751736111111111 0.037109375 0.08854166666666667
0 0.43017578125 0.2578125 0.02734375 0.07725694444444445
0 0.4453125 0.2578125 0.01904296875 0.05642361111111111
0 0.45458984375 0.2552083333333333 0.01318359375 0.03993055555555555
0 0.498046875 0.08246527777777778 0.0625 0.11284722222222222
0 0.54736328125 0.2595486111111111 0.0234375 0.059027777777777776
0 0.611328125 0.2786458333333333 0.0439453125 0.09288194444444445
0 0.61962890625 0.24479166666666666 0.0439453125 0.06597222222222222
0 0.66748046875 0.2526041666666667 0.06103515625 0.1015625
0 0.74267578125 0.2204861111111111 0.06787109375 0.16319444444444445
0 0.82373046875 0.2725694444444444 0.1396484375 0.2456597222222222
0 0.94580078125 0.1970486111111111 0.107421875 0.3428819444444444