0 0.439 0.7144396551724138 0.194 0.2349137931034483
0 0.482 0.5474137931034483 0.136 0.14655172413793102
0 0.525 0.43211206896551724 0.086 0.10560344827586207
0 0.49 0.3739224137931034 0.056 0.0625
0 0.401 0.41271551724137934 0.066 0.07974137931034483
0 0.293 0.4375 0.098 0.10344827586206896
0 0.274 0.36853448275862066 0.056 0.06896551724137931
0 0.183 0.42780172413793105 0.082 0.08405172413793104
0 0.2 0.36745689655172414 0.052 0.0668103448275862
0 0.127 0.584051724137931 0.146 0.16810344827586207
0 0.061 0.49461206896551724 0.102 0.07974137931034483
0 0.094 0.41487068965517243 0.072 0.08836206896551724
0 0.071 0.3599137931034483 0.062 0.07327586206896551
0 0.696 0.4849137931034483 0.116 0.125
0 0.678 0.38685344827586204 0.064 0.07543103448275862
0 0.632 0.3577586206896552 0.048 0.06465517241379311
0 0.738 0.38038793103448276 0.056 0.0668103448275862
0 0.803 0.3933189655172414 0.054 0.07974137931034483
0 0.792 0.34051724137931033 0.04 0.04310344827586207
0 0.814 0.603448275862069 0.148 0.1853448275862069
0 0.914 0.43103448275862066 0.072 0.09482758620689655
0 0.926 0.38362068965517243 0.048 0.0603448275862069
0 0.908 0.3394396551724138 0.036 0.04525862068965517
0 0.932 0.3329741379310345 0.04 0.05387931034482758
0 0.972 0.3415948275862069 0.036 0.05387931034482758