0 0.0576171875 0.6732600732600733 0.064453125 0.09304029304029304
0 0.05908203125 0.6043956043956044 0.0390625 0.05934065934065934
0 0.13134765625 0.676923076923077 0.06298828125 0.10622710622710622
0 0.19482421875 0.6534798534798535 0.0478515625 0.08131868131868132
0 0.17626953125 0.6234432234432234 0.03369140625 0.05201465201465202
0 0.1650390625 0.9267399267399268 0.1142578125 0.1457875457875458
0 0.3203125 0.6827838827838828 0.05419921875 0.10402930402930403
0 0.33740234375 0.5956043956043956 0.04296875 0.07106227106227106
0 0.39794921875 0.673992673992674 0.05859375 0.08864468864468865
0 0.42724609375 0.6095238095238096 0.04736328125 0.07179487179487179
0 0.43017578125 0.8058608058608059 0.080078125 0.14065934065934066
0 0.53173828125 0.43956043956043955 0.04345703125 0.08937728937728938
0 0.58740234375 0.4783882783882784 0.0322265625 0.07692307692307693
0 0.52880859375 0.5956043956043956 0.037109375 0.06666666666666667
0 0.5986328125 0.643956043956044 0.05126953125 0.07838827838827839
0 0.6435546875 0.5787545787545788 0.048828125 0.073992673992674
0 0.6533203125 0.7824175824175824 0.07275390625 0.1347985347985348
0 0.85693359375 0.915018315018315 0.1259765625 0.16923076923076924
0 0.748046875 0.6498168498168498 0.05126953125 0.0945054945054945
0 0.75439453125 0.5846153846153846 0.0546875 0.07106227106227106
0 0.7958984375 0.6073260073260073 0.0439453125 0.06373626373626373
0 0.859375 0.663003663003663 0.07763671875 0.10183150183150183
0 0.91796875 0.6307692307692307 0.05078125 0.09010989010989011
0 0.91162109375 0.5868131868131868 0.03271484375 0.05787545787545788