0 0.06764705882352941 0.11744386873920552 0.03176470588235294 0.055267702936096716
0 0.10411764705882352 0.13903281519861832 0.04352941176470588 0.06735751295336788
0 0.15529411764705883 0.16666666666666666 0.06823529411764706 0.09153713298791019
0 0.26823529411764707 0.12953367875647667 0.03529411764705882 0.06563039723661486
0 0.28352941176470586 0.11226252158894647 0.02823529411764706 0.055267702936096716
0 0.3417647058823529 0.14162348877374784 0.04588235294117647 0.07599309153713299
0 0.37411764705882355 0.12176165803108809 0.03529411764705882 0.0535405872193437
0 0.43588235294117644 0.10449050086355786 0.02 0.03626943005181347
0 0.4676470588235294 0.11830742659758203 0.02 0.03626943005181347
0 0.4888235294117647 0.13730569948186527 0.03882352941176471 0.05699481865284974
0 0.5264705882352941 0.1079447322970639 0.02235294117647059 0.039723661485319514
0 0.558235294117647 0.11917098445595854 0.029411764705882353 0.044905008635578586
0 0.5870588235294117 0.11139896373056994 0.01647058823529412 0.03626943005181347
0 0.6311764705882353 0.11917098445595854 0.024705882352941175 0.04835924006908463
0 0.6723529411764706 0.11830742659758203 0.024705882352941175 0.039723661485319514
0 0.7164705882352941 0.11917098445595854 0.01647058823529412 0.027633851468048358
0 0.7482352941176471 0.11139896373056994 0.023529411764705882 0.03281519861830743
0 0.5317647058823529 0.29447322970639034 0.12941176470588237 0.2469775474956822
0 0.7352941176470589 0.20466321243523317 0.07764705882352942 0.14335060449050085
0 0.8158823529411765 0.19430051813471502 0.05529411764705883 0.09844559585492228
0 0.8623529411764705 0.153713298791019 0.042352941176470586 0.07599309153713299
0 0.9111764705882353 0.14853195164075994 0.03411764705882353 0.06217616580310881
0 0.9382352941176471 0.13298791018998274 0.024705882352941175 0.05181347150259067
0 0.96 0.13730569948186527 0.023529411764705882 0.04317789291882556