0 0.09117647058823529 0.4235294117647059 0.11568627450980393 0.2
0 0.13529411764705881 0.3558823529411765 0.0784313725490196 0.14705882352941177
0 0.10588235294117647 0.3176470588235294 0.07058823529411765 0.12941176470588237
0 0.35490196078431374 0.11470588235294117 0.09411764705882353 0.18823529411764706
0 0.43823529411764706 0.3044117647058823 0.049019607843137254 0.09705882352941177
0 0.5313725490196078 0.31176470588235294 0.054901960784313725 0.08823529411764706
0 0.5725490196078431 0.34558823529411764 0.0784313725490196 0.14411764705882352
0 0.6039215686274509 0.37941176470588234 0.0784313725490196 0.12352941176470589
0 0.6764705882352942 0.35294117647058826 0.06274509803921569 0.11764705882352941
0 0.6901960784313725 0.2867647058823529 0.054901960784313725 0.09117647058823529
0 0.7813725490196078 0.32941176470588235 0.09215686274509804 0.12941176470588237
0 0.8539215686274509 0.28823529411764703 0.06470588235294118 0.10588235294117647
0 0.9196078431372549 0.3588235294117647 0.07058823529411765 0.11764705882352941
0 0.9441176470588235 0.3 0.052941176470588235 0.1