0 0.12704918032786885 0.1125 0.0860655737704918 0.14375
0 0.2192622950819672 0.1359375 0.06557377049180328 0.140625
0 0.29098360655737704 0.2078125 0.11885245901639344 0.178125
0 0.3473360655737705 0.1234375 0.07172131147540983 0.121875
0 0.48770491803278687 0.1578125 0.10655737704918032 0.153125
0 0.5799180327868853 0.196875 0.07377049180327869 0.125
0 0.6854508196721312 0.1515625 0.06762295081967214 0.134375
0 0.7971311475409836 0.153125 0.0860655737704918 0.14375
0 0.8504098360655737 0.1140625 0.05737704918032787 0.115625
0 0.9098360655737705 0.140625 0.06147540983606557 0.10625
0 0.9395491803278688 0.0828125 0.06352459016393443 0.121875