0 0.0715917745620716 0.5316455696202531 0.015232292460015232 0.03375527426160337
0 0.06968773800456969 0.49929676511954996 0.01904036557501904 0.03656821378340366
0 0.09558263518659559 0.5253164556962026 0.015993907083015995 0.0379746835443038
0 0.11348057882711349 0.5112517580872011 0.015232292460015232 0.035161744022503515
0 0.1210967250571211 0.5407876230661041 0.019801980198019802 0.04360056258790436
0 0.14623000761614624 0.559774964838256 0.03351104341203351 0.05625879043600562
0 0.146991622239147 0.5126582278481012 0.015232292460015232 0.035161744022503515
0 0.1686976389946687 0.5028129395218003 0.015993907083015995 0.03234880450070324
0 0.17783701447067785 0.4978902953586498 0.015993907083015995 0.0450070323488045
0 0.19345011424219344 0.4964838255977497 0.013709063214013708 0.03656821378340366
0 0.2083015993907083 0.5084388185654009 0.011424219345011425 0.026722925457102673
0 0.21744097486671743 0.4880450070323488 0.014470677837014471 0.03375527426160337
0 0.22239146991622238 0.5281293952180028 0.019801980198019802 0.04360056258790436
0 0.20753998476770755 0.5414908579465542 0.022086824067022087 0.04219409282700422
0 0.2086824067022087 0.5977496483825597 0.035034272658035034 0.06469760900140648
0 0.2646610814927647 0.5414908579465542 0.02361005331302361 0.04219409282700422
0 0.24562071591774562 0.5007032348804501 0.014470677837014471 0.03375527426160337
0 0.23876618431073876 0.4964838255977497 0.008377760853008377 0.02250351617440225
0 0.26428027418126426 0.49226441631504925 0.012185833968012186 0.030942334739803096
0 0.28103579588728106 0.5274261603375527 0.016755521706016754 0.03938115330520394
0 0.30464584920030463 0.5492264416315049 0.025894897182025894 0.04922644163150492
0 0.31835491241431835 0.5239099859353024 0.016755521706016754 0.04360056258790436
0 0.3408225437928408 0.5471167369901547 0.02361005331302361 0.053445850914205346
0 0.337014470677837 0.5956399437412095 0.037319116527037316 0.07735583684950774
0 0.3008377760853008 0.4929676511954993 0.013709063214013708 0.035161744022503515
0 0.29207920792079206 0.4838255977496484 0.011424219345011425 0.02812939521800281
0 0.3111195734958111 0.4732770745428973 0.012947448591012947 0.026722925457102673
0 0.3457730388423458 0.5140646976090014 0.019801980198019802 0.035161744022503515
0 0.36976389946686977 0.5365682137834037 0.01904036557501904 0.052039381153305204
0 0.4021325209444021 0.549929676511955 0.02284843869002285 0.05625879043600562
0 0.3971820258948972 0.509142053445851 0.017517136329017517 0.03656821378340366
0 0.40327494287890325 0.4810126582278481 0.017517136329017517 0.03938115330520394
0 0.3895658796648896 0.4711673699015471 0.011424219345011425 0.03375527426160337
0 0.38537699923838536 0.44163150492264414 0.012185833968012186 0.02531645569620253
0 0.36824067022086826 0.45921237693389594 0.014470677837014471 0.029535864978902954
0 0.36824067022086826 0.5070323488045007 0.015993907083015995 0.040787623066104076
0 0.35757806549885757 0.490154711673699 0.012947448591012947 0.029535864978902954
0 0.3457730388423458 0.4704641350210971 0.012185833968012186 0.029535864978902954
0 0.4211728865194212 0.5077355836849508 0.016755521706016754 0.03938115330520394
0 0.4325971058644326 0.4866385372714487 0.012185833968012186 0.03375527426160337
0 0.42003046458492005 0.46272855133614627 0.011424219345011425 0.02531645569620253
0 0.43945163747143945 0.45921237693389594 0.010662604722010662 0.029535864978902954
0 0.45354150799695353 0.5133614627285513 0.022086824067022087 0.03656821378340366
0 0.45773038842345776 0.5443037974683544 0.024371667936024372 0.053445850914205346
0 0.48514851485148514 0.5281293952180028 0.019801980198019802 0.04922644163150492
0 0.4699162223914699 0.48452883263009844 0.01827875095201828 0.046413502109704644
0 0.5041888804265042 0.490154711673699 0.015232292460015232 0.035161744022503515
0 0.5308453922315308 0.5316455696202531 0.024371667936024372 0.053445850914205346
0 0.5293221629855294 0.5 0.016755521706016754 0.03234880450070324
0 0.5342726580350343 0.4641350210970464 0.011424219345011425 0.02812939521800281
0 0.5182787509520183 0.469760900140647 0.009900990099009901 0.01969057665260197
0 0.515993907083016 0.4831223628691983 0.011424219345011425 0.02390998593530239
0 0.5689261233815689 0.5119549929676512 0.01827875095201828 0.04219409282700422
0 0.5788271134805788 0.5014064697609001 0.016755521706016754 0.03234880450070324
0 0.5708301599390708 0.4810126582278481 0.009900990099009901 0.02531645569620253
0 0.5658796648895659 0.4648382559774965 0.010662604722010662 0.02109704641350211
0 0.5978674790555979 0.46554149085794655 0.010662604722010662 0.02812939521800281
0 0.6035795887281036 0.48171589310829815 0.014470677837014471 0.035161744022503515
0 0.6138613861386139 0.5028129395218003 0.013709063214013708 0.029535864978902954
0 0.6252856054836253 0.47257383966244726 0.012185833968012186 0.030942334739803096
0 0.6401370906321401 0.48452883263009844 0.014470677837014471 0.0379746835443038
0 0.6344249809596344 0.46624472573839665 0.012185833968012186 0.03234880450070324
0 0.6648895658796649 0.4571026722925457 0.015232292460015232 0.030942334739803096
0 0.6717440974866717 0.4781997187060478 0.016755521706016754 0.03375527426160337
0 0.6968773800456969 0.47749648382559773 0.013709063214013708 0.035161744022503515
0 0.7208682406702208 0.4606188466947961 0.011424219345011425 0.029535864978902954
0 0.5826351865955827 0.6019690576652602 0.03351104341203351 0.08157524613220815
0 0.6378522467631379 0.559774964838256 0.031226199543031227 0.07313642756680731
0 0.6888804265041889 0.5478199718706048 0.022086824067022087 0.06047819971870605
0 0.710967250571211 0.5506329113924051 0.02817974105102818 0.07454289732770746
0 0.7303884234577304 0.5182841068917018 0.024371667936024372 0.046413502109704644
0 0.6984006092916984 0.6322081575246132 0.039603960396039604 0.08016877637130802
0 0.7585681645087585 0.6540084388185654 0.048743335872048744 0.07876230661040788
0 0.7738004569687738 0.580168776371308 0.03351104341203351 0.06891701828410689
0 0.753998476770754 0.5534458509142054 0.02284843869002285 0.057665260196905765
0 0.7642802741812643 0.5253164556962026 0.022086824067022087 0.04360056258790436
0 0.7817974105102818 0.4866385372714487 0.017517136329017517 0.04219409282700422
0 0.7947448591012948 0.47468354430379744 0.01904036557501904 0.040787623066104076
0 0.8000761614623001 0.5119549929676512 0.02513328255902513 0.05063291139240506
0 0.824067022086824 0.4831223628691983 0.015232292460015232 0.04360056258790436
0 0.8396801218583397 0.4831223628691983 0.014470677837014471 0.0379746835443038
0 0.8446306169078446 0.45569620253164556 0.012185833968012186 0.02812939521800281
0 0.8461538461538461 0.41561181434599154 0.012185833968012186 0.03234880450070324
0 0.8914699162223915 0.40717299578059074 0.014470677837014471 0.035161744022503515
0 0.8834729626808835 0.4142053445850914 0.012185833968012186 0.029535864978902954
0 0.8815689261233816 0.4859353023909986 0.01904036557501904 0.040787623066104076
0 0.8545316070068545 0.5203938115330521 0.025894897182025894 0.053445850914205346
0 0.8324447829398325 0.5661040787623066 0.021325209444021324 0.06891701828410689
0 0.8663366336633663 0.6547116736990155 0.051028179741051026 0.11392405063291139
0 0.9070830159939071 0.5689170182841069 0.03655750190403656 0.07454289732770746
0 0.9105102817974106 0.5154711673699015 0.02361005331302361 0.04922644163150492
0 0.915079969535415 0.4873417721518987 0.020563594821020565 0.046413502109704644
0 0.9303122619954303 0.4760900140646976 0.015993907083015995 0.0379746835443038
0 0.924980959634425 0.44233473980309423 0.015993907083015995 0.035161744022503515
0 0.9470677837014471 0.42053445850914206 0.017517136329017517 0.03375527426160337
0 0.9752475247524752 0.4057665260196906 0.014470677837014471 0.0379746835443038
0 0.9615384615384616 0.5513361462728551 0.06473724295506474 0.12939521800281295