0 0.150390625 0.6747252747252748 0.1044921875 0.13113553113553114
0 0.15478515625 0.6014652014652014 0.0703125 0.08498168498168499
0 0.20166015625 0.5992673992673992 0.0478515625 0.10402930402930403
0 0.25634765625 0.6007326007326007 0.044921875 0.0673992673992674
0 0.33447265625 0.6095238095238096 0.0595703125 0.09084249084249084
0 0.37353515625 0.6197802197802198 0.05419921875 0.08351648351648351
0 0.6357421875 0.5985347985347985 0.04150390625 0.07106227106227106
0 0.66357421875 0.6249084249084249 0.046875 0.08424908424908426
0 0.705078125 0.6358974358974359 0.05029296875 0.08131868131868132
0 0.75634765625 0.6131868131868132 0.05078125 0.07838827838827839
0 0.80029296875 0.7047619047619048 0.10498046875 0.14505494505494507
0 0.943359375 0.6329670329670329 0.05615234375 0.09304029304029304
0 0.923828125 0.5912087912087912 0.0439453125 0.06227106227106227
0 0.98095703125 0.6161172161172161 0.037109375 0.09963369963369964