0 0.06689453125 0.5939794419970631 0.0458984375 0.07488986784140969
0 0.11181640625 0.5602055800293686 0.0361328125 0.05726872246696035
0 0.13818359375 0.5572687224669604 0.02978515625 0.0513950073421439
0 0.1982421875 0.5469897209985316 0.03076171875 0.046255506607929514
0 0.2314453125 0.540381791483113 0.02685546875 0.041116005873715125
0 0.2685546875 0.5359765051395007 0.029296875 0.04552129221732746
0 0.291015625 0.5227606461086637 0.0224609375 0.035976505139500736
0 0.35302734375 0.5176211453744494 0.01513671875 0.0315712187958884
0 0.4072265625 0.5227606461086637 0.01708984375 0.037444933920704845
0 0.46630859375 0.5212922173274597 0.02392578125 0.038913362701908955
0 0.5185546875 0.5242290748898678 0.02001953125 0.0315712187958884
0 0.57275390625 0.5161527165932452 0.01904296875 0.038913362701908955
0 0.63427734375 0.5190895741556535 0.0166015625 0.0381791483113069
0 0.69091796875 0.5220264317180616 0.01904296875 0.042584434654919234
0 0.72265625 0.5462555066079295 0.02978515625 0.053597650513950074
0 0.74658203125 0.5352422907488987 0.02392578125 0.055800293685756244
0 0.79345703125 0.5499265785609398 0.03369140625 0.06461086637298091
0 0.8525390625 0.5543318649045521 0.0380859375 0.06828193832599119
0 0.89892578125 0.577826725403818 0.048828125 0.07048458149779736