0 0.40576171875 0.6183150183150183 0.05615234375 0.10402930402930403
0 0.28125 0.610989010989011 0.04150390625 0.07545787545787545
0 0.06884765625 0.671062271062271 0.06884765625 0.1523809523809524
0 0.13916015625 0.6490842490842491 0.044921875 0.073992673992674
0 0.09814453125 0.5963369963369963 0.033203125 0.060073260073260075
0 0.0615234375 0.5560439560439561 0.0283203125 0.046886446886446886
0 0.02734375 0.5355311355311355 0.02490234375 0.04468864468864469
0 0.10595703125 0.5326007326007326 0.02099609375 0.03736263736263736
0 0.16064453125 0.5304029304029304 0.02587890625 0.035897435897435895
0 0.19287109375 0.5223443223443224 0.02783203125 0.047619047619047616
0 0.22119140625 0.5128205128205128 0.02001953125 0.03296703296703297
0 0.26318359375 0.5318681318681319 0.02197265625 0.041025641025641026
0 0.279296875 0.5076923076923077 0.01953125 0.034432234432234435
0 0.31005859375 0.5186813186813187 0.0234375 0.035897435897435895
0 0.37158203125 0.49743589743589745 0.02099609375 0.03736263736263736
0 0.419921875 0.5091575091575091 0.017578125 0.03736263736263736
0 0.4697265625 0.5142857142857142 0.02294921875 0.035164835164835165
0 0.501953125 0.5186813186813187 0.02197265625 0.0380952380952381
0 0.5126953125 0.5142857142857142 0.01806640625 0.03076923076923077
0 0.54296875 0.5223443223443224 0.017578125 0.03076923076923077
0 0.55908203125 0.49523809523809526 0.017578125 0.0315018315018315
0 0.57958984375 0.5076923076923077 0.01416015625 0.02783882783882784
0 0.6025390625 0.5311355311355311 0.021484375 0.035164835164835165
0 0.60791015625 0.5084249084249084 0.0185546875 0.02783882783882784
0 0.64208984375 0.5296703296703297 0.0185546875 0.03882783882783883
0 0.685546875 0.5318681318681319 0.01904296875 0.03882783882783883
0 0.72607421875 0.5296703296703297 0.015625 0.035897435897435895
0 0.75537109375 0.5245421245421246 0.0234375 0.04395604395604396
0 0.78515625 0.5252747252747253 0.02099609375 0.04468864468864469
0 0.8876953125 0.5465201465201465 0.025390625 0.05787545787545788
0 0.9130859375 0.5443223443223443 0.0234375 0.054212454212454214