0 0.029296875 0.5959302325581395 0.05078125 0.07776162790697674
0 0.0537109375 0.5523255813953488 0.033203125 0.059593023255813955
0 0.02099609375 0.5581395348837209 0.03955078125 0.056686046511627904
0 0.10693359375 0.5181686046511628 0.0302734375 0.03924418604651163
0 0.171875 0.6191860465116279 0.05908203125 0.0690406976744186
0 0.16455078125 0.563953488372093 0.044921875 0.05450581395348837
0 0.1552734375 0.534156976744186 0.033203125 0.055232558139534885
0 0.22998046875 0.5617732558139535 0.03515625 0.0501453488372093
0 0.23388671875 0.5174418604651163 0.02783203125 0.040697674418604654
0 0.22021484375 0.5181686046511628 0.021484375 0.036337209302325583
0 0.2783203125 0.5167151162790697 0.02294921875 0.03343023255813953
0 0.3154296875 0.5784883720930233 0.044921875 0.07848837209302326
0 0.30859375 0.5239825581395349 0.02392578125 0.03997093023255814
0 0.3681640625 0.5232558139534884 0.0302734375 0.04215116279069767
0 0.3486328125 0.5007267441860465 0.01806640625 0.03561046511627907
0 0.38525390625 0.5719476744186046 0.0380859375 0.057412790697674417
0 0.43212890625 0.6191860465116279 0.06494140625 0.10610465116279069
0 0.51220703125 0.6177325581395349 0.04296875 0.09011627906976744
0 0.595703125 0.7114825581395349 0.0830078125 0.14171511627906977
0 0.6083984375 0.6039244186046512 0.0537109375 0.0806686046511628
0 0.6767578125 0.565406976744186 0.0302734375 0.050872093023255814
0 0.72998046875 0.5530523255813954 0.03076171875 0.05159883720930233
0 0.7451171875 0.5428779069767442 0.02294921875 0.04941860465116279
0 0.798828125 0.470203488372093 0.02099609375 0.04505813953488372
0 0.81640625 0.5704941860465116 0.04052734375 0.061046511627906974
0 0.91259765625 0.7398255813953488 0.09619140625 0.16061046511627908
0 0.947265625 0.6802325581395349 0.06640625 0.10828488372093023
0 0.95166015625 0.6286337209302325 0.05908203125 0.07194767441860465
0 0.93505859375 0.5813953488372093 0.03955078125 0.057412790697674417
0 0.9375 0.5537790697674418 0.037109375 0.0501453488372093
0 0.62451171875 0.5370639534883721 0.02392578125 0.036337209302325583
0 0.58544921875 0.5239825581395349 0.02880859375 0.0377906976744186
0 0.5302734375 0.5406976744186046 0.02685546875 0.0501453488372093
0 0.49267578125 0.5181686046511628 0.02734375 0.038517441860465115
0 0.43603515625 0.5196220930232558 0.02587890625 0.04433139534883721
0 0.404296875 0.5392441860465116 0.02734375 0.04941860465116279