0 0.046 0.37 0.052 0.10888888888888888
0 0.015333333333333332 0.22333333333333333 0.028 0.07333333333333333
0 0.04133333333333333 0.31 0.042666666666666665 0.08222222222222222
0 0.076 0.33 0.034666666666666665 0.07333333333333333
0 0.08866666666666667 0.30666666666666664 0.030666666666666665 0.06666666666666667
0 0.17933333333333334 0.3788888888888889 0.052 0.08222222222222222
0 0.22 0.37444444444444447 0.042666666666666665 0.08666666666666667
0 0.15733333333333333 0.25666666666666665 0.04 0.07777777777777778
0 0.21266666666666667 0.29777777777777775 0.025333333333333333 0.044444444444444446
0 0.22666666666666666 0.23666666666666666 0.029333333333333333 0.06
0 0.2613333333333333 0.23777777777777778 0.021333333333333333 0.044444444444444446
0 0.27466666666666667 0.2788888888888889 0.021333333333333333 0.04666666666666667
0 0.2693333333333333 0.3711111111111111 0.04 0.07555555555555556
0 0.30133333333333334 0.35555555555555557 0.02666666666666667 0.06666666666666667
0 0.29733333333333334 0.30444444444444446 0.02666666666666667 0.05333333333333334
0 0.316 0.2866666666666667 0.024 0.04888888888888889
0 0.2946666666666667 0.24222222222222223 0.02666666666666667 0.05333333333333334
0 0.31 0.2388888888888889 0.017333333333333333 0.042222222222222223
0 0.33066666666666666 0.24444444444444444 0.018666666666666668 0.04
0 0.38066666666666665 0.2577777777777778 0.02 0.04888888888888889
0 0.43466666666666665 0.22555555555555556 0.050666666666666665 0.1
0 0.484 0.25 0.05333333333333334 0.10444444444444445
0 0.5293333333333333 0.24444444444444444 0.032 0.07111111111111111
0 0.572 0.24222222222222223 0.029333333333333333 0.06222222222222222
0 0.604 0.24888888888888888 0.034666666666666665 0.06222222222222222
0 0.6493333333333333 0.23444444444444446 0.034666666666666665 0.08222222222222222
0 0.6986666666666667 0.25333333333333335 0.04 0.08
0 0.7253333333333334 0.22555555555555556 0.058666666666666666 0.12222222222222222
0 0.7973333333333333 0.19444444444444445 0.048 0.09555555555555556
0 0.7613333333333333 0.2388888888888889 0.034666666666666665 0.06888888888888889
0 0.5773333333333334 0.48333333333333334 0.05333333333333334 0.09555555555555556
0 0.6273333333333333 0.49 0.044 0.06888888888888889
0 0.6593333333333333 0.46444444444444444 0.052 0.10222222222222223