0 0.1951923076923077 0.40057636887608067 0.10192307692307692 0.16714697406340057
0 0.07788461538461539 0.15561959654178675 0.025 0.040345821325648415
0 0.11442307692307692 0.1484149855907781 0.025 0.043227665706051875
0 0.14807692307692308 0.18155619596541786 0.03076923076923077 0.04610951008645533
0 0.1596153846153846 0.15561959654178675 0.026923076923076925 0.04610951008645533
0 0.20576923076923076 0.1642651296829971 0.026923076923076925 0.040345821325648415
0 0.2221153846153846 0.1585014409221902 0.021153846153846155 0.04610951008645533
0 0.26826923076923076 0.20317002881844382 0.03653846153846154 0.06051873198847262
0 0.2653846153846154 0.1628242074927954 0.026923076923076925 0.03170028818443804
0 0.2759615384615385 0.15417867435158503 0.028846153846153848 0.043227665706051875
0 0.33942307692307694 0.18876080691642652 0.04038461538461539 0.06628242074927954
0 0.3557692307692308 0.1829971181556196 0.026923076923076925 0.05475504322766571
0 0.35865384615384616 0.14265129682997119 0.021153846153846155 0.037463976945244955
0 0.3903846153846154 0.13976945244956773 0.019230769230769232 0.03170028818443804
0 0.4115384615384615 0.1585014409221902 0.019230769230769232 0.0345821325648415
0 0.40673076923076923 0.1829971181556196 0.021153846153846155 0.037463976945244955
0 0.4346153846153846 0.2507204610951009 0.05384615384615385 0.08645533141210375
0 0.4375 0.17435158501440923 0.03653846153846154 0.05475504322766571
0 0.44134615384615383 0.14121037463976946 0.021153846153846155 0.0345821325648415
0 0.4721153846153846 0.15994236311239193 0.021153846153846155 0.04899135446685879
0 0.5153846153846153 0.23919308357348704 0.05 0.07492795389048991
0 0.5192307692307693 0.19596541786743515 0.03461538461538462 0.05763688760806916
0 0.5490384615384616 0.1642651296829971 0.025 0.04610951008645533
0 0.5990384615384615 0.17146974063400577 0.032692307692307694 0.043227665706051875
0 0.6201923076923077 0.24495677233429394 0.04038461538461539 0.07492795389048991
0 0.6576923076923077 0.30547550432276654 0.057692307692307696 0.12680115273775217
0 0.6528846153846154 0.21757925072046108 0.032692307692307694 0.06051873198847262
0 0.6538461538461539 0.1829971181556196 0.026923076923076925 0.04899135446685879
0 0.7634615384615384 0.2881844380403458 0.057692307692307696 0.09221902017291066
0 0.8086538461538462 0.27089337175792505 0.04423076923076923 0.09798270893371758
0 0.8057692307692308 0.21037463976945245 0.026923076923076925 0.05187319884726225
0 0.8788461538461538 0.2622478386167147 0.046153846153846156 0.08645533141210375