0 0.27783203125 0.610989010989011 0.06396484375 0.0989010989010989
0 0.193359375 0.5831501831501832 0.06005859375 0.10329670329670329
0 0.0771484375 0.5655677655677656 0.0517578125 0.09230769230769231
0 0.0625 0.4725274725274725 0.0234375 0.041758241758241756
0 0.1240234375 0.44542124542124545 0.017578125 0.02490842490842491
0 0.13720703125 0.4717948717948718 0.0234375 0.03296703296703297
0 0.1455078125 0.45494505494505494 0.015625 0.029304029304029304
0 0.17529296875 0.4542124542124542 0.01806640625 0.029304029304029304
0 0.185546875 0.4512820512820513 0.0107421875 0.023443223443223443
0 0.205078125 0.46886446886446886 0.0234375 0.0380952380952381
0 0.212890625 0.4534798534798535 0.015625 0.024175824175824177
0 0.2255859375 0.45714285714285713 0.01904296875 0.03076923076923077
0 0.232421875 0.4776556776556777 0.0263671875 0.046153846153846156
0 0.22998046875 0.44395604395604393 0.01171875 0.023443223443223443
0 0.24658203125 0.4593406593406593 0.01953125 0.034432234432234435
0 0.28759765625 0.47619047619047616 0.02001953125 0.035164835164835165
0 0.28466796875 0.45054945054945056 0.0146484375 0.021245421245421246
0 0.30078125 0.4542124542124542 0.013671875 0.023443223443223443
0 0.3251953125 0.4586080586080586 0.017578125 0.03076923076923077
0 0.36083984375 0.526007326007326 0.03564453125 0.060073260073260075
0 0.3779296875 0.47912087912087914 0.0146484375 0.029304029304029304
0 0.392578125 0.47326007326007324 0.02197265625 0.03882783882783883
0 0.36572265625 0.47106227106227105 0.01611328125 0.02564102564102564
0 0.35693359375 0.463003663003663 0.0126953125 0.02197802197802198
0 0.353515625 0.4490842490842491 0.013671875 0.02197802197802198
0 0.32958984375 0.4490842490842491 0.01220703125 0.01904761904761905
0 0.39892578125 0.4534798534798535 0.01171875 0.021245421245421246
0 0.4052734375 0.46007326007326005 0.009765625 0.02271062271062271
0 0.41650390625 0.47106227106227105 0.01806640625 0.026373626373626374
0 0.4443359375 0.4747252747252747 0.02099609375 0.03296703296703297
0 0.45751953125 0.4652014652014652 0.013671875 0.02490842490842491
0 0.44873046875 0.4564102564102564 0.01123046875 0.01611721611721612
0 0.455078125 0.44981684981684983 0.0126953125 0.020512820512820513
0 0.4775390625 0.4747252747252747 0.021484375 0.035897435897435895
0 0.47314453125 0.45714285714285713 0.01220703125 0.023443223443223443
0 0.48486328125 0.4564102564102564 0.009765625 0.017582417582417582
0 0.4921875 0.4622710622710623 0.009765625 0.018315018315018316
0 0.4912109375 0.4490842490842491 0.0107421875 0.018315018315018316
0 0.50537109375 0.45494505494505494 0.00830078125 0.017582417582417582
0 0.5146484375 0.46373626373626375 0.01220703125 0.02564102564102564
0 0.482421875 0.5494505494505495 0.04541015625 0.08571428571428572
0 0.58837890625 0.6937728937728938 0.0791015625 0.12087912087912088
0 0.55419921875 0.5201465201465202 0.02734375 0.046886446886446886
0 0.54638671875 0.49523809523809526 0.0185546875 0.030036630036630037
0 0.5439453125 0.46373626373626375 0.01513671875 0.026373626373626374
0 0.529296875 0.45714285714285713 0.01123046875 0.01904761904761905
0 0.5517578125 0.4542124542124542 0.0078125 0.012454212454212455
0 0.55859375 0.4586080586080586 0.01025390625 0.020512820512820513
0 0.56884765625 0.45494505494505494 0.0078125 0.015384615384615385
0 0.5791015625 0.4542124542124542 0.01171875 0.021245421245421246
0 0.583984375 0.4703296703296703 0.01611328125 0.02857142857142857
0 0.62158203125 0.5413919413919414 0.0341796875 0.04322344322344322
0 0.66162109375 0.5106227106227106 0.02978515625 0.047619047619047616
0 0.7333984375 0.545054945054945 0.0341796875 0.05274725274725275
0 0.83984375 0.5963369963369963 0.0537109375 0.07472527472527472
0 0.82470703125 0.5172161172161173 0.029296875 0.04395604395604396
0 0.88134765625 0.550915750915751 0.03173828125 0.04542124542124542
0 0.90576171875 0.5318681318681319 0.0302734375 0.047619047619047616
0 0.939453125 0.4827838827838828 0.009765625 0.021245421245421246
0 0.92822265625 0.48644688644688644 0.01171875 0.02271062271062271
0 0.912109375 0.48424908424908425 0.01171875 0.020512820512820513
0 0.89697265625 0.48717948717948717 0.0126953125 0.021245421245421246
0 0.90234375 0.4776556776556777 0.01025390625 0.01684981684981685
0 0.88134765625 0.48205128205128206 0.0126953125 0.018315018315018316
0 0.869140625 0.47326007326007324 0.01025390625 0.01611721611721612
0 0.86279296875 0.48131868131868133 0.009765625 0.017582417582417582
0 0.85400390625 0.48864468864468863 0.01416015625 0.02564102564102564
0 0.84228515625 0.47545787545787543 0.01123046875 0.017582417582417582
0 0.8291015625 0.4805860805860806 0.01318359375 0.023443223443223443
0 0.8134765625 0.4725274725274725 0.0107421875 0.01978021978021978
0 0.80078125 0.47619047619047616 0.013671875 0.024175824175824177
0 0.79248046875 0.47619047619047616 0.01318359375 0.026373626373626374
0 0.78369140625 0.4776556776556777 0.009765625 0.017582417582417582
0 0.76171875 0.47912087912087914 0.01318359375 0.02564102564102564
0 0.697265625 0.4644688644688645 0.01171875 0.021245421245421246
0 0.607421875 0.4586080586080586 0.009765625 0.014652014652014652
0 0.626953125 0.4622710622710623 0.01220703125 0.01684981684981685
0 0.6396484375 0.4622710622710623 0.01123046875 0.021245421245421246
0 0.6494140625 0.46593406593406594 0.0107421875 0.01978021978021978
0 0.662109375 0.463003663003663 0.0107421875 0.01904761904761905
0 0.6865234375 0.46153846153846156 0.01171875 0.018315018315018316