0 0.10454545454545454 0.6232876712328768 0.05272727272727273 0.08493150684931507
0 0.14727272727272728 0.6534246575342466 0.05454545454545454 0.0958904109589041
0 0.19 0.7123287671232876 0.1 0.136986301369863
0 0.3054545454545455 0.7972602739726027 0.10181818181818182 0.15342465753424658
0 0.24454545454545454 0.5808219178082191 0.045454545454545456 0.06027397260273973
0 0.34454545454545454 0.5712328767123288 0.034545454545454546 0.04657534246575343
0 0.3981818181818182 0.5547945205479452 0.025454545454545455 0.04657534246575343
0 0.43363636363636365 0.552054794520548 0.02727272727272727 0.04657534246575343
0 0.4618181818181818 0.6684931506849315 0.04727272727272727 0.07671232876712329
0 0.4690909090909091 0.6027397260273972 0.03272727272727273 0.049315068493150684
0 0.5181818181818182 0.6 0.03272727272727273 0.0547945205479452
0 0.5118181818181818 0.5684931506849316 0.02727272727272727 0.04657534246575343
0 0.5472727272727272 0.5054794520547945 0.02181818181818182 0.0410958904109589
0 0.5627272727272727 0.5808219178082191 0.03090909090909091 0.0547945205479452
0 0.5954545454545455 0.5767123287671233 0.03090909090909091 0.0410958904109589
0 0.6454545454545455 0.6589041095890411 0.05090909090909091 0.07945205479452055
0 0.6981818181818182 0.8410958904109589 0.13818181818181818 0.2465753424657534
0 0.8254545454545454 0.6808219178082192 0.08363636363636363 0.12876712328767123
0 0.6927272727272727 0.6082191780821918 0.03636363636363636 0.07123287671232877
0 0.73 0.5794520547945206 0.03090909090909091 0.04657534246575343