0 0.11816578483245149 0.5648148148148148 0.10582010582010581 0.1984126984126984
0 0.13932980599647266 0.49603174603174605 0.08112874779541446 0.1402116402116402
0 0.20458553791887124 0.4894179894179894 0.05291005291005291 0.1164021164021164
0 0.3544973544973545 0.4828042328042328 0.059964726631393295 0.10317460317460317
0 0.328042328042328 0.3201058201058201 0.03527336860670194 0.0582010582010582
0 0.5326278659611993 0.4748677248677249 0.04938271604938271 0.09259259259259259
0 0.5731922398589065 0.44841269841269843 0.042328042328042326 0.082010582010582
0 0.5749559082892416 0.4074074074074074 0.021164021164021163 0.042328042328042326
0 0.6305114638447972 0.4656084656084656 0.054673721340388004 0.1111111111111111
0 0.6287477954144621 0.4113756613756614 0.04056437389770723 0.06084656084656084
0 0.6472663139329806 0.3941798941798942 0.024691358024691357 0.047619047619047616
0 0.7081128747795414 0.5251322751322751 0.06878306878306878 0.12433862433862433
0 0.7354497354497355 0.4193121693121693 0.03527336860670194 0.06613756613756613
0 0.7142857142857143 0.40476190476190477 0.031746031746031744 0.06349206349206349
0 0.8068783068783069 0.42724867724867727 0.037037037037037035 0.06084656084656084
0 0.7892416225749559 0.421957671957672 0.019400352733686066 0.03968253968253968
0 0.8156966490299824 0.5753968253968254 0.10758377425044091 0.20899470899470898
0 0.8862433862433863 0.5291005291005291 0.08289241622574955 0.14814814814814814
0 0.8668430335097002 0.4497354497354497 0.04409171075837742 0.06878306878306878
0 0.8492063492063492 0.4166666666666667 0.03350970017636684 0.05026455026455026
0 0.892416225749559 0.3994708994708995 0.02821869488536155 0.0582010582010582
0 0.9347442680776014 0.4126984126984127 0.031746031746031744 0.0582010582010582
0 0.9832451499118166 0.3425925925925926 0.029982363315696647 0.06084656084656084