0 0.10009765625 0.748898678414097 0.0576171875 0.0881057268722467
0 0.14599609375 0.6997063142437592 0.05078125 0.09251101321585903
0 0.15087890625 0.8054331864904553 0.0615234375 0.09691629955947137
0 0.1318359375 0.8854625550660793 0.0869140625 0.12922173274596183
0 0.181640625 0.9574155653450808 0.13330078125 0.08076358296622614
0 0.26025390625 0.71071953010279 0.06689453125 0.11086637298091043
0 0.28662109375 0.6828193832599119 0.04638671875 0.08663729809104258
0 0.3408203125 0.802496328928047 0.06298828125 0.09030837004405286
0 0.392578125 0.4412628487518355 0.04443359375 0.09030837004405286
0 0.478515625 0.5176211453744494 0.05078125 0.07929515418502203
0 0.5146484375 0.5117474302496329 0.04833984375 0.07488986784140969
0 0.5654296875 0.4977973568281938 0.04150390625 0.08002936857562408
0 0.650390625 0.4948604992657856 0.0498046875 0.08296622613803231
0 0.66748046875 0.4897209985315712 0.03369140625 0.07415565345080763
0 0.7158203125 0.49706314243759175 0.04638671875 0.07709251101321586
0 0.73828125 0.4933920704845815 0.0458984375 0.08076358296622614
0 0.76220703125 0.4552129221732746 0.04052734375 0.07782672540381791
0 0.564453125 0.7444933920704846 0.056640625 0.09691629955947137
0 0.54150390625 0.6872246696035242 0.0546875 0.08957415565345081
0 0.63232421875 0.711453744493392 0.06298828125 0.1027900146842878
0 0.64990234375 0.6607929515418502 0.05126953125 0.08223201174743025
0 0.716796875 0.801762114537445 0.07421875 0.11674008810572688
0 0.91943359375 0.7878120411160059 0.07861328125 0.11086637298091043
0 0.8740234375 0.7180616740088106 0.05908203125 0.08296622613803231
0 0.84619140625 0.6607929515418502 0.0546875 0.07709251101321586