0 0.11474609375 0.5891927083333334 0.04931640625 0.059244791666666664
0 0.1484375 0.6360677083333334 0.06103515625 0.07291666666666667
0 0.21240234375 0.5774739583333334 0.0458984375 0.06315104166666667
0 0.26171875 0.6640625 0.0625 0.09114583333333333
0 0.26904296875 0.6145833333333334 0.04052734375 0.06575520833333333
0 0.177734375 0.8665364583333334 0.14111328125 0.23046875
0 0.42041015625 0.7194010416666666 0.08447265625 0.12760416666666666
0 0.4267578125 0.6302083333333334 0.04931640625 0.07421875
0 0.34326171875 0.654296875 0.05859375 0.076171875
0 0.33349609375 0.6002604166666666 0.05322265625 0.06901041666666667
0 0.52099609375 0.701171875 0.06982421875 0.107421875
0 0.560546875 0.7578125 0.0888671875 0.12760416666666666
0 0.5810546875 0.6458333333333334 0.05712890625 0.1015625
0 0.55078125 0.4375 0.04052734375 0.05859375
0 0.66943359375 0.7428385416666666 0.07177734375 0.1328125
0 0.65380859375 0.6555989583333334 0.0546875 0.08919270833333333
0 0.71044921875 0.689453125 0.05322265625 0.08919270833333333
0 0.78125 0.701171875 0.0556640625 0.09895833333333333