0 0.7333984375 0.3828125 0.0693359375 0.09700520833333333
0 0.59521484375 0.4908854166666667 0.0341796875 0.0546875
0 0.57177734375 0.5026041666666666 0.02783203125 0.059244791666666664
0 0.5517578125 0.5169270833333334 0.04736328125 0.0703125
0 0.42236328125 0.5755208333333334 0.06640625 0.09830729166666667
0 0.33349609375 0.5807291666666666 0.0546875 0.09635416666666667
0 0.2763671875 0.5944010416666666 0.07958984375 0.12109375
0 0.34375 0.4772135416666667 0.0302734375 0.056640625
0 0.3701171875 0.5104166666666666 0.0361328125 0.055338541666666664
0 0.40673828125 0.4967447916666667 0.037109375 0.052083333333333336
0 0.44775390625 0.4993489583333333 0.03173828125 0.051432291666666664
0 0.275390625 0.4778645833333333 0.03564453125 0.05859375
0 0.24267578125 0.4811197916666667 0.03857421875 0.0625
0 0.20263671875 0.5143229166666666 0.04736328125 0.083984375
0 0.21728515625 0.4661458333333333 0.02734375 0.042317708333333336
0 0.18359375 0.4798177083333333 0.03466796875 0.047526041666666664
0 0.15185546875 0.48046875 0.04248046875 0.053385416666666664
0 0.12548828125 0.5442708333333334 0.05126953125 0.08723958333333333
0 0.06298828125 0.5631510416666666 0.06787109375 0.103515625
0 0.04248046875 0.4921875 0.05322265625 0.06966145833333333
0 0.0537109375 0.45703125 0.041015625 0.044921875
0 0.09521484375 0.45703125 0.0341796875 0.042317708333333336