0 0.049 0.34789156626506024 0.054 0.09337349397590361
0 0.149 0.4457831325301205 0.142 0.24096385542168675
0 0.189 0.3042168674698795 0.078 0.13253012048192772
0 0.284 0.44126506024096385 0.1 0.20180722891566266
0 0.295 0.3132530120481928 0.066 0.10843373493975904
0 0.497 0.12349397590361445 0.098 0.20481927710843373
0 0.637 0.3704819277108434 0.09 0.1686746987951807
0 0.664 0.3132530120481928 0.064 0.14457831325301204
0 0.709 0.3132530120481928 0.062 0.15060240963855423
0 0.677 0.7454819277108434 0.238 0.4367469879518072
0 0.848 0.5376506024096386 0.18 0.3102409638554217
0 0.943 0.40210843373493976 0.11 0.2921686746987952