0 0.215625 0.28444444444444444 0.05375 0.10666666666666667
0 0.180625 0.5655555555555556 0.14375 0.20222222222222222
0 0.233125 0.8422222222222222 0.26375 0.3111111111111111
0 0.271875 0.4955555555555556 0.05875 0.12444444444444444
0 0.446875 0.47555555555555556 0.07375 0.14222222222222222
0 0.54 0.4855555555555556 0.115 0.23777777777777778
0 0.5925 0.42777777777777776 0.045 0.11777777777777777
0 0.501875 0.21222222222222223 0.03375 0.06444444444444444
0 0.6975 0.4177777777777778 0.0575 0.09333333333333334
0 0.804375 0.31777777777777777 0.06375 0.12
0 0.75375 0.39222222222222225 0.055 0.14
0 0.76625 0.8166666666666667 0.2175 0.35777777777777775