0 0.38671875 0.4775390625 0.03564453125 0.0439453125
0 0.962890625 0.79296875 0.0732421875 0.0986328125
0 0.927734375 0.8701171875 0.1171875 0.1328125
0 0.49365234375 0.86376953125 0.109375 0.15234375
0 0.630859375 0.767578125 0.1015625 0.123046875
0 0.75537109375 0.6552734375 0.04736328125 0.05859375
0 0.72509765625 0.607421875 0.044921875 0.05078125
0 0.6396484375 0.6328125 0.0498046875 0.0556640625
0 0.61572265625 0.5849609375 0.044921875 0.0517578125
0 0.501953125 0.67333984375 0.06884765625 0.08251953125
0 0.517578125 0.61474609375 0.04833984375 0.05224609375
0 0.53857421875 0.572265625 0.044921875 0.04345703125
0 0.3603515625 0.59765625 0.04638671875 0.05029296875
0 0.3740234375 0.6474609375 0.05859375 0.05859375
0 0.2939453125 0.70751953125 0.07958984375 0.0849609375
0 0.1484375 0.654296875 0.07666015625 0.08056640625
0 0.04296875 0.77978515625 0.08349609375 0.158203125
0 0.25146484375 0.59716796875 0.0576171875 0.0654296875
0 0.26025390625 0.5595703125 0.04541015625 0.04052734375
0 0.10595703125 0.5537109375 0.0439453125 0.044921875
0 0.03759765625 0.54150390625 0.03466796875 0.04052734375
0 0.1025390625 0.53076171875 0.03857421875 0.03857421875
0 0.15771484375 0.52587890625 0.03564453125 0.04248046875