0 0.113671875 0.5132127955493742 0.13203125 0.2809457579972184
0 0.201953125 0.6119610570236439 0.04453125 0.09735744089012517
0 0.25 0.5890125173852573 0.0375 0.07927677329624479
0 0.240234375 0.5333796940194715 0.03203125 0.048678720445062586
0 0.269921875 0.545201668984701 0.02734375 0.06397774687065369
0 0.278515625 0.5166898470097357 0.02265625 0.05146036161335188
0 0.319921875 0.5208623087621697 0.01640625 0.04033379694019471
0 0.332421875 0.5431154381084841 0.02578125 0.06258692628650904
0 0.358203125 0.5166898470097357 0.02890625 0.06815020862308763
0 0.3953125 0.527816411682893 0.021875 0.048678720445062586
0 0.43515625 0.5271210013908206 0.0171875 0.04172461752433936
0 0.43828125 0.5598052851182197 0.021875 0.048678720445062586
0 0.388671875 0.6321279554937413 0.03828125 0.08484005563282336
0 0.455859375 0.6196105702364395 0.03671875 0.07093184979137691
0 0.471875 0.5500695410292072 0.0203125 0.048678720445062586
0 0.507421875 0.5660639777468707 0.01796875 0.04172461752433936
0 0.5265625 0.5639777468706537 0.028125 0.06536856745479833
0 0.528515625 0.6891515994436718 0.04609375 0.09040333796940195
0 0.591015625 0.5931849791376912 0.09140625 0.18219749652294853
0 0.661328125 0.5730180806675939 0.03359375 0.06397774687065369
0 0.73671875 0.6168289290681502 0.034375 0.06258692628650904
0 0.76328125 0.6300417246175244 0.0234375 0.05285118219749652
0 0.853125 0.4951321279554937 0.08125 0.15577190542420027