0 0.025 0.5818181818181818 0.046 0.10181818181818182
0 0.016 0.5290909090909091 0.028 0.06181818181818182
0 0.027 0.5 0.022 0.04727272727272727
0 0.057 0.49636363636363634 0.03 0.06909090909090909
0 0.072 0.7472727272727273 0.08 0.1709090909090909
0 0.144 0.5818181818181818 0.052 0.08727272727272728
0 0.212 0.5272727272727272 0.044 0.08
0 0.239 0.6072727272727273 0.054 0.10181818181818182
0 0.283 0.5527272727272727 0.05 0.08727272727272728
0 0.341 0.5890909090909091 0.05 0.10909090909090909
0 0.368 0.5672727272727273 0.04 0.08727272727272728
0 0.442 0.5618181818181818 0.044 0.08363636363636363
0 0.466 0.6527272727272727 0.06 0.14181818181818182
0 0.511 0.39090909090909093 0.026 0.06181818181818182
0 0.539 0.5872727272727273 0.05 0.09818181818181818
0 0.545 0.5472727272727272 0.034 0.08363636363636363
0 0.644 0.5290909090909091 0.044 0.09818181818181818
0 0.672 0.5872727272727273 0.052 0.10545454545454545
0 0.675 0.6818181818181818 0.07 0.14181818181818182
0 0.62 0.9272727272727272 0.108 0.13818181818181818
0 0.725 0.5836363636363636 0.05 0.09090909090909091
0 0.721 0.5327272727272727 0.042 0.07636363636363637
0 0.877 0.5872727272727273 0.074 0.09818181818181818
0 0.906 0.7072727272727273 0.076 0.14181818181818182
0 0.979 0.4818181818181818 0.026 0.06909090909090909
0 0.983 0.49454545454545457 0.026 0.05818181818181818