0 0.0673828125 0.4563802083333333 0.04296875 0.07291666666666667
0 0.126953125 0.5787760416666666 0.0439453125 0.06640625
0 0.10107421875 0.5787760416666666 0.0283203125 0.05859375
0 0.07666015625 0.5716145833333334 0.0341796875 0.0625
0 0.11474609375 0.638671875 0.056640625 0.078125
0 0.15185546875 0.6907552083333334 0.06787109375 0.08723958333333333
0 0.201171875 0.7688802083333334 0.09912109375 0.13736979166666666
0 0.17822265625 0.916015625 0.14453125 0.16731770833333334
0 0.4921875 0.8938802083333334 0.11572265625 0.17708333333333334
0 0.37255859375 0.7109375 0.0849609375 0.12565104166666666
0 0.29638671875 0.6751302083333334 0.06787109375 0.09635416666666667
0 0.24658203125 0.6412760416666666 0.04833984375 0.076171875
0 0.2275390625 0.5970052083333334 0.037109375 0.05859375
0 0.2041015625 0.5677083333333334 0.03759765625 0.06315104166666667
0 0.2138671875 0.5286458333333334 0.03173828125 0.043619791666666664
0 0.255859375 0.5345052083333334 0.025390625 0.037760416666666664
0 0.26513671875 0.5546875 0.02587890625 0.042317708333333336
0 0.291015625 0.564453125 0.037109375 0.061197916666666664
0 0.349609375 0.5618489583333334 0.04150390625 0.07421875
0 0.421875 0.5625 0.03857421875 0.057291666666666664
0 0.474609375 0.583984375 0.0390625 0.068359375
0 0.46044921875 0.5143229166666666 0.02880859375 0.046875
0 0.50732421875 0.5423177083333334 0.0380859375 0.057291666666666664
0 0.52001953125 0.6009114583333334 0.0517578125 0.06640625
0 0.5537109375 0.564453125 0.03515625 0.052083333333333336
0 0.5625 0.5227864583333334 0.02587890625 0.049479166666666664
0 0.630859375 0.541015625 0.041015625 0.0546875
0 0.634765625 0.587890625 0.04150390625 0.05859375
0 0.62255859375 0.6184895833333334 0.05419921875 0.076171875
0 0.77197265625 0.6881510416666666 0.0810546875 0.10286458333333333
0 0.74267578125 0.60546875 0.05419921875 0.083984375
0 0.740234375 0.5442708333333334 0.03564453125 0.051432291666666664
0 0.73486328125 0.515625 0.02685546875 0.046223958333333336
0 0.68896484375 0.533203125 0.0302734375 0.043619791666666664
0 0.67529296875 0.513671875 0.02197265625 0.035807291666666664
0 0.6591796875 0.5481770833333334 0.0244140625 0.033854166666666664
0 0.77490234375 0.5319010416666666 0.025390625 0.048828125
0 0.76220703125 0.5065104166666666 0.02001953125 0.037109375
0 0.7958984375 0.5657552083333334 0.03173828125 0.056640625
0 0.8076171875 0.5475260416666666 0.029296875 0.046223958333333336
0 0.83447265625 0.5143229166666666 0.0283203125 0.052083333333333336
0 0.85595703125 0.5286458333333334 0.03125 0.051432291666666664
0 0.8876953125 0.56640625 0.033203125 0.061197916666666664
0 0.8994140625 0.5266927083333334 0.03271484375 0.044921875
0 0.94580078125 0.5436197916666666 0.03271484375 0.057942708333333336
0 0.92333984375 0.5891927083333334 0.04248046875 0.06770833333333333
0 0.91259765625 0.6477864583333334 0.0654296875 0.09830729166666667
0 0.97021484375 0.7701822916666666 0.05859375 0.14583333333333334