0 0.08020477815699659 0.41818181818181815 0.05802047781569966 0.08181818181818182
0 0.16723549488054607 0.3386363636363636 0.08191126279863481 0.10454545454545454
0 0.25597269624573377 0.35909090909090907 0.06143344709897611 0.08181818181818182
0 0.3378839590443686 0.3795454545454545 0.04778156996587031 0.06818181818181818
0 0.363481228668942 0.44545454545454544 0.06484641638225255 0.09090909090909091
0 0.33447098976109213 0.2909090909090909 0.040955631399317405 0.06363636363636363
0 0.3771331058020478 0.28863636363636364 0.030716723549488054 0.05
0 0.4197952218430034 0.2772727272727273 0.034129692832764506 0.05454545454545454
0 0.45733788395904434 0.3068181818181818 0.04778156996587031 0.06818181818181818
0 0.5136518771331058 0.32727272727272727 0.03754266211604096 0.07272727272727272
0 0.5409556313993175 0.30227272727272725 0.03754266211604096 0.05909090909090909
0 0.5170648464163823 0.425 0.051194539249146756 0.08636363636363636
0 0.5580204778156996 0.5659090909090909 0.05802047781569966 0.09545454545454546
0 0.6313993174061433 0.37727272727272726 0.04778156996587031 0.08181818181818182
0 0.6143344709897611 0.6613636363636364 0.05460750853242321 0.08636363636363636
0 0.7150170648464164 0.6113636363636363 0.05802047781569966 0.08636363636363636
0 0.7389078498293515 0.5681818181818182 0.04436860068259386 0.07272727272727272
0 0.7849829351535836 0.14545454545454545 0.06143344709897611 0.1