0 0.2763671875 0.39267399267399267 0.03076171875 0.05567765567765568
0 0.357421875 0.5135531135531135 0.02490234375 0.04835164835164835
0 0.392578125 0.4901098901098901 0.02587890625 0.04395604395604396
0 0.42626953125 0.495970695970696 0.02294921875 0.041758241758241756
0 0.38818359375 0.5619047619047619 0.04296875 0.07032967032967033
0 0.4560546875 0.5677655677655677 0.044921875 0.06666666666666667
0 0.46923828125 0.5318681318681319 0.03515625 0.05787545787545788
0 0.5087890625 0.5230769230769231 0.033203125 0.06227106227106227
0 0.53662109375 0.49523809523809526 0.029296875 0.054945054945054944
0 0.55029296875 0.5208791208791209 0.03466796875 0.05787545787545788
0 0.56005859375 0.48205128205128206 0.01953125 0.03956043956043956
0 0.603515625 0.48864468864468863 0.02294921875 0.03882783882783883
0 0.6044921875 0.5553113553113553 0.04296875 0.07179487179487179
0 0.626953125 0.5252747252747253 0.0341796875 0.0673992673992674
0 0.6513671875 0.5135531135531135 0.0361328125 0.054212454212454214
0 0.63916015625 0.4805860805860806 0.0244140625 0.0380952380952381
0 0.69189453125 0.5128205128205128 0.03466796875 0.05787545787545788
0 0.6845703125 0.48864468864468863 0.0224609375 0.04249084249084249
0 0.765625 0.3597069597069597 0.0478515625 0.07032967032967033
0 0.8154296875 0.5355311355311355 0.0498046875 0.08498168498168499
0 0.87158203125 0.5333333333333333 0.0478515625 0.06446886446886448
0 0.744140625 0.5457875457875457 0.0400390625 0.06666666666666667