0 0.24169921875 0.5586297760210803 0.05859375 0.07971014492753623
0 0.314453125 0.6198945981554678 0.06884765625 0.09486166007905138
0 0.40380859375 0.5948616600790514 0.08447265625 0.12779973649538867
0 0.47265625 0.6548089591567853 0.119140625 0.17391304347826086
0 0.53857421875 0.5994729907773386 0.052734375 0.08102766798418973
0 0.51611328125 0.5592885375494071 0.048828125 0.05862977602108037
0 0.599609375 0.42226613965744403 0.03759765625 0.061923583662714096
0 0.61083984375 0.5520421607378129 0.0517578125 0.08234519104084322
0 0.6416015625 0.6330698287220027 0.072265625 0.12187088274044795
0 0.69287109375 0.5836627140974967 0.05908203125 0.08695652173913043
0 0.71435546875 0.5401844532279315 0.04833984375 0.061923583662714096
0 0.73095703125 0.7470355731225297 0.158203125 0.21212121212121213
0 0.77783203125 0.6396574440052701 0.10400390625 0.1600790513833992
0 0.85693359375 0.6291172595520421 0.07177734375 0.11001317523056653
0 0.83740234375 0.572463768115942 0.068359375 0.08432147562582346
0 0.85400390625 0.5408432147562582 0.05615234375 0.07971014492753623
0 0.962890625 0.5685111989459816 0.05615234375 0.07905138339920949
0 0.9404296875 0.5375494071146245 0.05126953125 0.06785243741765482