0 0.0849609375 0.5716145833333334 0.080078125 0.10611979166666667
0 0.10107421875 0.5227864583333334 0.06103515625 0.07552083333333333
0 0.07373046875 0.421875 0.05078125 0.07096354166666667
0 0.37841796875 0.4192708333333333 0.0390625 0.061848958333333336
0 0.66259765625 0.4368489583333333 0.03369140625 0.052734375
0 0.66015625 0.5208333333333334 0.04150390625 0.06901041666666667
0 0.71142578125 0.5260416666666666 0.04638671875 0.07682291666666667
0 0.7587890625 0.5670572916666666 0.04248046875 0.07877604166666667
0 0.802734375 0.5696614583333334 0.05859375 0.095703125
0 0.8154296875 0.6295572916666666 0.07861328125 0.11783854166666667
0 0.919921875 0.6634114583333334 0.11083984375 0.197265625
0 0.97802734375 0.537109375 0.0341796875 0.06901041666666667