0 0.107421875 0.4202772963604853 0.02392578125 0.0511265164644714
0 0.1572265625 0.39774696707105717 0.03173828125 0.06672443674176777
0 0.19140625 0.41421143847487 0.0283203125 0.05805892547660312
0 0.236328125 0.4055459272097054 0.03466796875 0.05979202772963605
0 0.298828125 0.40294627383015597 0.02685546875 0.06412478336221837
0 0.31640625 0.37435008665511266 0.02392578125 0.058925476603119586
0 0.34130859375 0.3951473136915078 0.03662109375 0.07279029462738301
0 0.4111328125 0.44020797227036396 0.03662109375 0.06932409012131716
0 0.42724609375 0.4090121317157712 0.02734375 0.06152512998266898
0 0.4716796875 0.46013864818024264 0.041015625 0.07625649913344887
0 0.53662109375 0.47920277296360486 0.03466796875 0.0684575389948007
0 0.62646484375 0.41161178509532065 0.04248046875 0.08578856152512998
0 0.71484375 0.44714038128249567 0.04345703125 0.09358752166377816
0 0.74072265625 0.39168110918544197 0.03173828125 0.08145580589254767
0 0.82177734375 0.46187175043327555 0.05810546875 0.11091854419410745
0 0.87158203125 0.40814558058925476 0.0458984375 0.08838821490467938