0 0.0458984375 0.4583941605839416 0.08642578125 0.1678832116788321
0 0.1103515625 0.4510948905109489 0.02197265625 0.042335766423357665
0 0.15869140625 0.5153284671532846 0.05615234375 0.10145985401459855
0 0.14404296875 0.46204379562043796 0.0283203125 0.04525547445255475
0 0.31396484375 0.4510948905109489 0.130859375 0.22846715328467154
0 0.40283203125 0.5 0.0361328125 0.06788321167883211
0 0.4482421875 0.5036496350364964 0.0283203125 0.04744525547445255
0 0.47314453125 0.5094890510948905 0.02490234375 0.04452554744525548
0 0.501953125 0.5072992700729927 0.01611328125 0.033576642335766425
0 0.53076171875 0.516058394160584 0.0283203125 0.051094890510948905
0 0.55517578125 0.5423357664233577 0.04638671875 0.08832116788321168
0 0.61865234375 0.5401459854014599 0.041015625 0.0781021897810219
0 0.66552734375 0.5197080291970803 0.03515625 0.060583941605839416
0 0.71142578125 0.5423357664233577 0.02783203125 0.05766423357664233
0 0.82373046875 0.5591240875912409 0.06103515625 0.11678832116788321
0 0.87451171875 0.5605839416058395 0.0556640625 0.10291970802919707
0 0.9150390625 0.581021897810219 0.03173828125 0.07883211678832117
0 0.947265625 0.5751824817518248 0.0244140625 0.059854014598540145
0 0.23779296875 0.46715328467153283 0.02734375 0.04671532846715328