0 0.36669921875 0.3717447916666667 0.0947265625 0.14583333333333334
0 0.50048828125 0.4296875 0.02734375 0.041666666666666664
0 0.53076171875 0.529296875 0.02734375 0.046223958333333336
0 0.60595703125 0.51171875 0.02587890625 0.04296875
0 0.1845703125 0.4147135416666667 0.02685546875 0.04296875
0 0.126953125 0.4322916666666667 0.06396484375 0.07747395833333333
0 0.0185546875 0.4947916666666667 0.0361328125 0.06770833333333333
0 0.68359375 0.6119791666666666 0.0556640625 0.068359375
0 0.662109375 0.5865885416666666 0.03515625 0.060546875
0 0.64794921875 0.556640625 0.03466796875 0.055989583333333336
0 0.71630859375 0.4921875 0.03125 0.050130208333333336
0 0.771484375 0.5377604166666666 0.029296875 0.054036458333333336
0 0.837890625 0.517578125 0.0322265625 0.057942708333333336
0 0.85498046875 0.5885416666666666 0.0498046875 0.06575520833333333
0 0.85791015625 0.728515625 0.10107421875 0.15625
0 0.96142578125 0.6087239583333334 0.0478515625 0.080078125