0 0.05224609375 0.40586080586080586 0.09423828125 0.14285714285714285
0 0.15869140625 0.3831501831501832 0.06298828125 0.11648351648351649
0 0.134765625 0.263003663003663 0.04296875 0.060805860805860805
0 0.2412109375 0.22124542124542124 0.03271484375 0.05347985347985348
0 0.2568359375 0.36043956043956044 0.0458984375 0.08058608058608059
0 0.291015625 0.32893772893772893 0.0458984375 0.08424908424908426
0 0.32177734375 0.31575091575091574 0.03759765625 0.06373626373626373
0 0.33740234375 0.29304029304029305 0.02978515625 0.06813186813186813
0 0.5810546875 0.3098901098901099 0.029296875 0.05347985347985348
0 0.62060546875 0.304029304029304 0.037109375 0.063003663003663
0 0.6396484375 0.34945054945054943 0.04541015625 0.08278388278388278
0 0.6845703125 0.3333333333333333 0.05810546875 0.08571428571428572
0 0.75244140625 0.35018315018315016 0.06982421875 0.11941391941391942
0 0.83544921875 0.21318681318681318 0.10986328125 0.17216117216117216