0 0.18701171875 0.5755208333333334 0.09912109375 0.13411458333333334
0 0.23974609375 0.6197916666666666 0.10205078125 0.12630208333333334
0 0.34619140625 0.4954427083333333 0.06201171875 0.09375
0 0.43994140625 0.404296875 0.0703125 0.10026041666666667
0 0.24658203125 0.4244791666666667 0.037109375 0.05078125
0 0.23046875 0.375 0.025390625 0.037109375
0 0.18603515625 0.35546875 0.0341796875 0.05078125
0 0.16015625 0.3567708333333333 0.02294921875 0.040364583333333336
0 0.1416015625 0.359375 0.0283203125 0.03125
0 0.05712890625 0.361328125 0.04736328125 0.055338541666666664
0 0.6103515625 0.6451822916666666 0.09619140625 0.15755208333333334
0 0.810546875 0.609375 0.11083984375 0.18098958333333334
0 0.74462890625 0.5286458333333334 0.06298828125 0.091796875
0 0.58544921875 0.4921875 0.0556640625 0.09244791666666667
0 0.52099609375 0.3665364583333333 0.03857421875 0.06640625
0 0.490234375 0.359375 0.025390625 0.043619791666666664
0 0.5400390625 0.3671875 0.0244140625 0.047526041666666664
0 0.60595703125 0.3756510416666667 0.0341796875 0.05859375
0 0.6435546875 0.3802083333333333 0.0234375 0.045572916666666664
0 0.673828125 0.3509114583333333 0.0302734375 0.059895833333333336
0 0.724609375 0.359375 0.041015625 0.061848958333333336