0 0.0400390625 0.4010416666666667 0.07373046875 0.11588541666666667
0 0.18896484375 0.337890625 0.06494140625 0.09375
0 0.29150390625 0.3072916666666667 0.05224609375 0.08658854166666667
0 0.37158203125 0.392578125 0.08349609375 0.12044270833333333
0 0.42431640625 0.2721354166666667 0.0400390625 0.07552083333333333
0 0.49462890625 0.36328125 0.07861328125 0.11393229166666667
0 0.51953125 0.2747395833333333 0.04931640625 0.07877604166666667
0 0.55712890625 0.296875 0.04833984375 0.06966145833333333
0 0.59375 0.3287760416666667 0.06494140625 0.09309895833333333
0 0.63134765625 0.2903645833333333 0.046875 0.06966145833333333
0 0.681640625 0.2936197916666667 0.0595703125 0.08138020833333333
0 0.6845703125 0.23372395833333334 0.0400390625 0.06575520833333333
0 0.8408203125 0.20442708333333334 0.0439453125 0.06770833333333333
0 0.8662109375 0.2623697916666667 0.05419921875 0.08528645833333333
0 0.8779296875 0.20638020833333334 0.03857421875 0.0546875
0 0.93994140625 0.22721354166666666 0.04931640625 0.06575520833333333
0 0.94482421875 0.18684895833333334 0.0390625 0.055338541666666664