0 0.06912878787878787 0.5 0.05113636363636364 0.09722222222222222
0 0.16571969696969696 0.4913194444444444 0.054924242424242424 0.0798611111111111
0 0.2178030303030303 0.5815972222222222 0.06439393939393939 0.1284722222222222
0 0.23579545454545456 0.4965277777777778 0.058712121212121215 0.10416666666666667
0 0.2878787878787879 0.5069444444444444 0.05303030303030303 0.1111111111111111
0 0.3181818181818182 0.5121527777777778 0.056818181818181816 0.1076388888888889
0 0.36553030303030304 0.4947916666666667 0.04924242424242424 0.10069444444444445
0 0.3626893939393939 0.6024305555555556 0.054924242424242424 0.10069444444444445
0 0.42992424242424243 0.546875 0.056818181818181816 0.10069444444444445
0 0.5160984848484849 0.5451388888888888 0.03598484848484849 0.0763888888888889
0 0.5303030303030303 0.4861111111111111 0.03787878787878788 0.06944444444444445
0 0.5558712121212122 0.6579861111111112 0.08901515151515152 0.19791666666666666
0 0.6903409090909091 0.5833333333333334 0.07765151515151515 0.16666666666666666
0 0.7821969696969697 0.5555555555555556 0.06060606060606061 0.1388888888888889
0 0.8674242424242424 0.5642361111111112 0.04924242424242424 0.12152777777777778
0 0.959280303030303 0.6354166666666666 0.06628787878787878 0.1388888888888889
0 0.9621212121212122 0.7777777777777778 0.06818181818181818 0.2638888888888889