0 0.09099616858237548 0.5302593659942363 0.032567049808429116 0.06340057636887608
0 0.07950191570881227 0.49279538904899134 0.028735632183908046 0.05187319884726225
0 0.13984674329501914 0.5244956772334294 0.02681992337164751 0.04610951008645533
0 0.16283524904214558 0.5302593659942363 0.038314176245210725 0.069164265129683
0 0.19636015325670497 0.5749279538904899 0.05172413793103448 0.08357348703170028
0 0.2595785440613027 0.6426512968299711 0.06704980842911877 0.1037463976945245
0 0.2681992337164751 0.5072046109510087 0.022988505747126436 0.040345821325648415
0 0.2595785440613027 0.4899135446685879 0.0210727969348659 0.0345821325648415
0 0.28639846743295017 0.4884726224783862 0.02490421455938697 0.04899135446685879
0 0.3227969348659004 0.49711815561959655 0.028735632183908046 0.04899135446685879
0 0.3400383141762452 0.47406340057636887 0.0210727969348659 0.043227665706051875
0 0.3544061302681992 0.5259365994236311 0.038314176245210725 0.06051873198847262
0 0.4051724137931034 0.5389048991354467 0.040229885057471264 0.06340057636887608
0 0.4128352490421456 0.4827089337175792 0.02490421455938697 0.043227665706051875
0 0.44061302681992337 0.42939481268011526 0.019157088122605363 0.040345821325648415
0 0.4616858237547893 0.4956772334293948 0.02681992337164751 0.05187319884726225
0 0.4760536398467433 0.5461095100864554 0.04789272030651341 0.08357348703170028
0 0.5047892720306514 0.5086455331412104 0.032567049808429116 0.06051873198847262
0 0.4846743295019157 0.47262247838616717 0.02681992337164751 0.05187319884726225
0 0.5086206896551724 0.46829971181556196 0.0210727969348659 0.037463976945244955
0 0.5335249042145593 0.4942363112391931 0.028735632183908046 0.05475504322766571
0 0.5555555555555556 0.46829971181556196 0.022988505747126436 0.04899135446685879
0 0.5977011494252874 0.49279538904899134 0.034482758620689655 0.06340057636887608
0 0.6159003831417624 0.4654178674351585 0.032567049808429116 0.04899135446685879
0 0.6494252873563219 0.5187319884726225 0.04980842911877394 0.08069164265129683
0 0.7164750957854407 0.4783861671469741 0.034482758620689655 0.05763688760806916
0 0.7729885057471264 0.4827089337175792 0.032567049808429116 0.05475504322766571
0 0.8419540229885057 0.4884726224783862 0.040229885057471264 0.07780979827089338
0 0.9731800766283525 0.47406340057636887 0.04597701149425287 0.08357348703170028