0 0.028645833333333332 0.443359375 0.055338541666666664 0.05712890625
0 0.09895833333333333 0.4521484375 0.07942708333333333 0.08642578125
0 0.16341145833333334 0.46630859375 0.07747395833333333 0.05810546875
0 0.20052083333333334 0.43408203125 0.045572916666666664 0.0302734375
0 0.181640625 0.41259765625 0.03515625 0.03369140625
0 0.298828125 0.42333984375 0.045572916666666664 0.03369140625
0 0.3359375 0.3828125 0.030598958333333332 0.02734375
0 0.3697916666666667 0.44482421875 0.051432291666666664 0.0498046875
0 0.4049479166666667 0.396484375 0.03515625 0.0283203125
0 0.52734375 0.43603515625 0.0625 0.05322265625
0 0.4856770833333333 0.3916015625 0.0390625 0.03271484375
0 0.6302083333333334 0.44482421875 0.050130208333333336 0.03759765625
0 0.5794270833333334 0.462890625 0.046223958333333336 0.04052734375
0 0.4381510416666667 0.46435546875 0.052734375 0.0517578125
0 0.5813802083333334 0.38916015625 0.033854166666666664 0.0302734375
0 0.4388020833333333 0.6015625 0.10872395833333333 0.10205078125
0 0.767578125 0.69140625 0.14778645833333334 0.1123046875
0 0.9596354166666666 0.60107421875 0.07942708333333333 0.08203125
0 0.8033854166666666 0.541015625 0.09635416666666667 0.08642578125
0 0.69921875 0.50244140625 0.07291666666666667 0.06298828125
0 0.7994791666666666 0.408203125 0.047526041666666664 0.03564453125
0 0.8984375 0.443359375 0.047526041666666664 0.046875
0 0.8359375 0.49365234375 0.050130208333333336 0.044921875
0 0.8763020833333334 0.50830078125 0.0703125 0.06396484375
0 0.943359375 0.45458984375 0.027994791666666668 0.0322265625