0 0.08154296875 0.3315972222222222 0.025390625 0.04861111111111111
0 0.10986328125 0.3940972222222222 0.0517578125 0.0998263888888889
0 0.17822265625 0.3454861111111111 0.0263671875 0.042534722222222224
0 0.2021484375 0.3428819444444444 0.017578125 0.042534722222222224
0 0.2255859375 0.3888888888888889 0.02783203125 0.05642361111111111
0 0.2431640625 0.359375 0.01904296875 0.043402777777777776
0 0.28173828125 0.3611111111111111 0.021484375 0.049479166666666664
0 0.322265625 0.3654513888888889 0.0263671875 0.050347222222222224
0 0.380859375 0.3845486111111111 0.0234375 0.04513888888888889
0 0.39306640625 0.3142361111111111 0.01953125 0.043402777777777776
0 0.298828125 0.4513888888888889 0.05322265625 0.10069444444444445
0 0.53271484375 0.609375 0.09375 0.19444444444444445
0 0.5224609375 0.4626736111111111 0.0400390625 0.08680555555555555
0 0.58251953125 0.4713541666666667 0.03564453125 0.07725694444444445
0 0.66943359375 0.4001736111111111 0.021484375 0.042534722222222224
0 0.79248046875 0.5998263888888888 0.06298828125 0.125
0 0.85791015625 0.4991319444444444 0.03125 0.06510416666666667
0 0.962890625 0.5199652777777778 0.03466796875 0.07465277777777778