0 0.456 0.3448275862068966 0.036 0.06321839080459771
0 0.498 0.37212643678160917 0.024 0.04310344827586207
0 0.527 0.40804597701149425 0.018 0.034482758620689655
0 0.571 0.382183908045977 0.026 0.05172413793103448
0 0.696 0.47126436781609193 0.016 0.034482758620689655
0 0.709 0.47270114942528735 0.018 0.03735632183908046
0 0.747 0.47701149425287354 0.018 0.028735632183908046
0 0.803 0.46551724137931033 0.038 0.05747126436781609
0 0.843 0.4640804597701149 0.038 0.06609195402298851
0 0.885 0.4482758620689655 0.074 0.08045977011494253
0 0.964 0.4324712643678161 0.064 0.10632183908045977