0 0.4703125 0.5740514075887393 0.10625 0.26193390452876375
0 0.6640625 0.47123623011015914 0.0921875 0.19583843329253367
0 0.695703125 0.38310893512851896 0.08359375 0.15422276621787026
0 0.805859375 0.3714810281517748 0.07578125 0.12362301101591187
0 0.839453125 0.3818849449204406 0.05390625 0.12729498164014688
0 0.863671875 0.29804161566707466 0.04921875 0.1211750305997552
0 0.90546875 0.2913096695226438 0.0359375 0.08078335373317014
0 0.928125 0.2686658506731946 0.028125 0.06731946144430845
0 0.96171875 0.2821297429620563 0.0359375 0.06976744186046512
0 0.80078125 0.2160342717258262 0.0296875 0.05018359853121175
0 0.803125 0.277233782129743 0.0296875 0.06242350061199511
0 0.748046875 0.25397796817625456 0.03359375 0.06242350061199511
0 0.754296875 0.20746634026927785 0.02734375 0.05263157894736842
0 0.683984375 0.277233782129743 0.03515625 0.06976744186046512
0 0.7078125 0.27050183598531213 0.028125 0.06609547123623011
0 0.694140625 0.211750305997552 0.03203125 0.04895960832313342
0 0.641796875 0.2894736842105263 0.04140625 0.09914320685434516
0 0.641796875 0.23990208078335373 0.02890625 0.051407588739290085
0 0.60546875 0.2160342717258262 0.03125 0.05997552019583843
0 0.5828125 0.29436964504283963 0.05625 0.11383108935128519
0 0.48671875 0.26805385556915545 0.0390625 0.07099143206854346
0 0.523046875 0.24541003671970624 0.02734375 0.05997552019583843
0 0.551953125 0.2307221542227662 0.02890625 0.05752753977968176
0 0.555859375 0.19828641370869032 0.01953125 0.03671970624235006
0 0.574609375 0.21542227662178703 0.01953125 0.0416156670746634
0 0.453125 0.2607099143206854 0.0390625 0.06609547123623011
0 0.343359375 0.2747858017135863 0.05234375 0.11138310893512852
0 0.4 0.27539779681762544 0.0390625 0.1003671970624235
0 0.375390625 0.25091799265605874 0.03359375 0.07588739290085679
0 0.376953125 0.20685434516523868 0.02265625 0.03916768665850673
0 0.40078125 0.189718482252142 0.0265625 0.05385556915544676
0 0.318359375 0.20991432068543453 0.02734375 0.05752753977968176
0 0.25625 0.3127294981640147 0.053125 0.11138310893512852
0 0.25234375 0.2686658506731946 0.0453125 0.05263157894736842
0 0.265234375 0.22399020807833536 0.02578125 0.046511627906976744
0 0.2484375 0.18910648714810283 0.0390625 0.05507955936352509
0 0.212890625 0.2270501835985312 0.03984375 0.06242350061199511
0 0.176171875 0.26805385556915545 0.05078125 0.0832313341493268
0 0.054296875 0.3323133414932681 0.06953125 0.13096695226438188
0 0.05703125 0.26499388004895963 0.05 0.06487148102815178
0 0.0578125 0.22460220318237453 0.0359375 0.05263157894736842
0 0.13203125 0.24112607099143207 0.040625 0.07099143206854346
0 0.440234375 0.3445532435740514 0.08515625 0.15299877600979192
0 0.459765625 0.22031823745410037 0.03359375 0.04895960832313342