0 0.01416015625 0.3281710914454277 0.02685546875 0.08333333333333333
0 0.04541015625 0.3687315634218289 0.06005859375 0.09070796460176991
0 0.1298828125 0.3466076696165192 0.04541015625 0.08185840707964602
0 0.16455078125 0.25442477876106195 0.04052734375 0.05752212389380531
0 0.2265625 0.3230088495575221 0.048828125 0.07890855457227139
0 0.27099609375 0.34513274336283184 0.03564453125 0.05752212389380531
0 0.2626953125 0.41224188790560473 0.05126953125 0.07448377581120944
0 0.31591796875 0.4476401179941003 0.048828125 0.06489675516224189
0 0.34619140625 0.42625368731563423 0.0390625 0.07227138643067847
0 0.32958984375 0.37905604719764013 0.03125 0.049410029498525077
0 0.31494140625 0.34882005899705015 0.03076171875 0.05530973451327434
0 0.2919921875 0.3222713864306785 0.03125 0.051622418879056046
0 0.40625 0.41297935103244837 0.052734375 0.06342182890855458
0 0.40966796875 0.35766961651917406 0.0380859375 0.05383480825958702
0 0.41015625 0.32448377581120946 0.02978515625 0.043510324483775814
0 0.47509765625 0.36430678466076694 0.0322265625 0.06415929203539823
0 0.45703125 0.32595870206489674 0.02978515625 0.061946902654867256
0 0.48583984375 0.46238938053097345 0.05224609375 0.09587020648967552
0 0.55419921875 0.45722713864306785 0.04248046875 0.08112094395280237
0 0.5849609375 0.42920353982300885 0.03173828125 0.056784660766961655
0 0.53564453125 0.3561946902654867 0.02783203125 0.059734513274336286
0 0.548828125 0.3053097345132743 0.0283203125 0.0612094395280236
0 0.583984375 0.3495575221238938 0.0361328125 0.06342182890855458
0 0.63720703125 0.34882005899705015 0.03271484375 0.059734513274336286
0 0.66064453125 0.34513274336283184 0.02587890625 0.05235988200589971
0 0.62890625 0.45206489675516226 0.0458984375 0.06932153392330384
0 0.7021484375 0.43805309734513276 0.03466796875 0.05752212389380531
0 0.70361328125 0.3584070796460177 0.03076171875 0.06489675516224189
0 0.76416015625 0.31784660766961653 0.03759765625 0.06858407079646017
0 0.98046875 0.413716814159292 0.0380859375 0.08923303834808259
0 0.7734375 0.5766961651917404 0.0947265625 0.13495575221238937