0 0.03125 0.4879120879120879 0.06103515625 0.11575091575091576
0 0.08349609375 0.48644688644688644 0.05517578125 0.11794871794871795
0 0.16357421875 0.4747252747252747 0.056640625 0.09963369963369964
0 0.20361328125 0.46886446886446886 0.0419921875 0.06813186813186813
0 0.19384765625 0.4336996336996337 0.033203125 0.05641025641025641
0 0.23486328125 0.44468864468864466 0.0478515625 0.08131868131868132
0 0.26513671875 0.4783882783882784 0.03271484375 0.07692307692307693
0 0.111328125 0.7201465201465201 0.15625 0.22490842490842491
0 0.21142578125 0.6175824175824176 0.09912109375 0.1794871794871795
0 0.30126953125 0.6483516483516484 0.13134765625 0.23223443223443224
0 0.42578125 0.6271062271062271 0.08642578125 0.1457875457875458
0 0.46142578125 0.5897435897435898 0.05810546875 0.10989010989010989
0 0.42919921875 0.547985347985348 0.0693359375 0.08791208791208792
0 0.4345703125 0.48717948717948717 0.05615234375 0.09377289377289377
0 0.47119140625 0.5252747252747253 0.04638671875 0.08131868131868132
0 0.4677734375 0.4564102564102564 0.0439453125 0.07692307692307693
0 0.49951171875 0.4666666666666667 0.03955078125 0.07252747252747253
0 0.52294921875 0.4534798534798535 0.03759765625 0.073992673992674
0 0.54931640625 0.46007326007326005 0.05126953125 0.07692307692307693
0 0.5009765625 0.2622710622710623 0.0361328125 0.0761904761904762
0 0.87060546875 0.4117216117216117 0.0400390625 0.060073260073260075
0 0.900390625 0.6 0.10009765625 0.19194139194139195
0 0.90234375 0.44981684981684983 0.0400390625 0.06153846153846154
0 0.91259765625 0.48644688644688644 0.04833984375 0.08498168498168499