0 0.04083333333333333 0.44269662921348313 0.041666666666666664 0.06741573033707865
0 0.32166666666666666 0.5550561797752809 0.07 0.09887640449438202
0 0.33666666666666667 0.7471910112359551 0.11 0.17752808988764046
0 0.3283333333333333 0.4786516853932584 0.04666666666666667 0.058426966292134834
0 0.3258333333333333 0.4280898876404494 0.03166666666666667 0.04719101123595506
0 0.4125 0.4348314606741573 0.03166666666666667 0.04719101123595506
0 0.46 0.46853932584269664 0.04666666666666667 0.0696629213483146
0 0.475 0.5258426966292135 0.05333333333333334 0.09438202247191012
0 0.63 0.701123595505618 0.09333333333333334 0.1707865168539326
0 0.6025 0.4820224719101124 0.051666666666666666 0.08314606741573034
0 0.5216666666666666 0.43820224719101125 0.03333333333333333 0.04943820224719101
0 0.535 0.37640449438202245 0.03 0.051685393258426963
0 0.5708333333333333 0.3943820224719101 0.03833333333333333 0.056179775280898875
0 0.7283333333333334 0.4303370786516854 0.03333333333333333 0.060674157303370786
0 0.7525 0.44269662921348313 0.028333333333333332 0.0449438202247191
0 0.7133333333333334 0.549438202247191 0.06 0.08314606741573034
0 0.9325 0.6966292134831461 0.09833333333333333 0.14831460674157304
0 0.97 0.5348314606741573 0.056666666666666664 0.0853932584269663