0 0.055 0.4046961325966851 0.056666666666666664 0.09116022099447514
0 0.09166666666666666 0.3784530386740331 0.043333333333333335 0.09944751381215469
0 0.14666666666666667 0.3770718232044199 0.043333333333333335 0.08011049723756906
0 0.18 0.3494475138121547 0.03 0.058011049723756904
0 0.23916666666666667 0.3715469613259669 0.045 0.08011049723756906
0 0.28 0.35220994475138123 0.03 0.06353591160220995
0 0.3175 0.34668508287292815 0.028333333333333332 0.052486187845303865
0 0.34833333333333333 0.32734806629834257 0.02 0.04143646408839779
0 0.36333333333333334 0.3453038674033149 0.02666666666666667 0.055248618784530384
0 0.38416666666666666 0.34392265193370164 0.025 0.058011049723756904
0 0.4033333333333333 0.3287292817679558 0.023333333333333334 0.049723756906077346
0 0.44166666666666665 0.3370165745856354 0.03666666666666667 0.0718232044198895
0 0.4741666666666667 0.3342541436464088 0.021666666666666667 0.03867403314917127
0 0.49333333333333335 0.32044198895027626 0.02 0.049723756906077346
0 0.5058333333333334 0.3453038674033149 0.025 0.055248618784530384
0 0.5108333333333334 0.31215469613259667 0.021666666666666667 0.049723756906077346
0 0.5283333333333333 0.3328729281767956 0.02 0.04143646408839779
0 0.5458333333333333 0.39226519337016574 0.058333333333333334 0.10497237569060773
0 0.5408333333333334 0.32044198895027626 0.021666666666666667 0.03867403314917127
0 0.5775 0.3370165745856354 0.03166666666666667 0.06629834254143646
0 0.6041666666666666 0.319060773480663 0.021666666666666667 0.04696132596685083
0 0.6283333333333333 0.32734806629834257 0.023333333333333334 0.04696132596685083
0 0.6458333333333334 0.2900552486187845 0.018333333333333333 0.03867403314917127
0 0.6816666666666666 0.27486187845303867 0.02 0.03591160220994475
0 0.6958333333333333 0.26795580110497236 0.025 0.04419889502762431
0 0.7108333333333333 0.3328729281767956 0.03166666666666667 0.06906077348066299
0 0.6675 0.3812154696132597 0.055 0.12154696132596685
0 0.6141666666666666 0.4544198895027624 0.08833333333333333 0.15193370165745856
0 0.635 0.6312154696132597 0.13666666666666666 0.26243093922651933
0 0.4041666666666667 0.457182320441989 0.085 0.1464088397790055
0 0.1975 0.48342541436464087 0.12166666666666667 0.2154696132596685
0 0.73 0.38535911602209943 0.043333333333333335 0.0856353591160221
0 0.7316666666666667 0.3218232044198895 0.02 0.04143646408839779
0 0.7933333333333333 0.48480662983425415 0.09333333333333334 0.1685082872928177
0 0.8091666666666667 0.39779005524861877 0.06166666666666667 0.08839779005524862
0 0.8091666666666667 0.3314917127071823 0.03166666666666667 0.06629834254143646
0 0.845 0.36187845303867405 0.023333333333333334 0.06077348066298342
0 0.8766666666666667 0.35497237569060774 0.04666666666666667 0.10773480662983426
0 0.9091666666666667 0.35497237569060774 0.028333333333333332 0.07458563535911603
0 0.9233333333333333 0.3632596685082873 0.02666666666666667 0.06353591160220995