0 0.11083984375 0.2753934191702432 0.068359375 0.11731044349070101
0 0.0390625 0.25608011444921314 0.05078125 0.0944206008583691
0 0.2041015625 0.29971387696709584 0.07763671875 0.14163090128755365
0 0.24560546875 0.23891273247496422 0.0439453125 0.06866952789699571
0 0.38623046875 0.259656652360515 0.05712890625 0.09656652360515021
0 0.52880859375 0.47353361945636624 0.1337890625 0.21030042918454936
0 0.658203125 0.33905579399141633 0.08203125 0.13948497854077252
0 0.6318359375 0.24105865522174535 0.03759765625 0.06652360515021459
0 0.529296875 0.2010014306151645 0.0380859375 0.060085836909871244
0 0.45556640625 0.21316165951359084 0.04052734375 0.06795422031473533
0 0.41162109375 0.19742489270386265 0.03466796875 0.05293276108726753
0 0.3583984375 0.20386266094420602 0.0263671875 0.0536480686695279
0 0.5654296875 0.1917024320457797 0.0234375 0.03862660944206009
0 0.60107421875 0.18741058655221746 0.0205078125 0.04291845493562232
0 0.6650390625 0.23104434907010013 0.03076171875 0.05507868383404864
0 0.6572265625 0.1917024320457797 0.02099609375 0.03791130185979971
0 0.68359375 0.18311874105865522 0.02001953125 0.04792560801144492
0 0.76806640625 0.20243204577968527 0.0283203125 0.04721030042918455
0 0.79833984375 0.18741058655221746 0.02587890625 0.05293276108726753
0 0.84326171875 0.15021459227467812 0.0205078125 0.045064377682403435
0 0.82275390625 0.2825464949928469 0.05859375 0.08655221745350501
0 0.892578125 0.24248927038626608 0.0380859375 0.08369098712446352
0 0.86865234375 0.19098712446351931 0.03173828125 0.05293276108726753