0 0.40283203125 0.32428466617754953 0.02880859375 0.05429200293470286
0 0.634765625 0.40939104915627295 0.025390625 0.04695524578136464
0 0.68115234375 0.39251650770359503 0.02587890625 0.0491562729273661
0 0.69287109375 0.33969185619955977 0.0302734375 0.05282465150403522
0 0.748046875 0.33528980190755686 0.02734375 0.05282465150403522
0 0.82958984375 0.3301540719002201 0.033203125 0.05282465150403522
0 0.92138671875 0.44974321349963314 0.02880859375 0.049889948642699924
0 0.9541015625 0.4673514306676449 0.03173828125 0.049889948642699924
0 0.91650390625 0.5957446808510638 0.052734375 0.09097578870139399
0 0.8466796875 0.5451210564930301 0.04248046875 0.06969919295671313
0 0.79052734375 0.47542186353631694 0.03662109375 0.058694057226705794
0 0.7060546875 0.48789435069699194 0.03125 0.058694057226705794
0 0.740234375 0.5172413793103449 0.046875 0.08217168011738811
0 0.7470703125 0.5818048422597212 0.05810546875 0.09904622157006603
0 0.83203125 0.6676449009537784 0.07666015625 0.1078503301540719
0 0.87939453125 0.8312545854732208 0.10205078125 0.19075568598679385
0 0.375 0.8085106382978723 0.10791015625 0.1702127659574468
0 0.1240234375 0.7931034482758621 0.087890625 0.16581071166544387
0 0.32470703125 0.623624358033749 0.064453125 0.10564930300807043
0 0.37939453125 0.574468085106383 0.05224609375 0.08290535583272193
0 0.3994140625 0.5238444607483492 0.0478515625 0.07997065297138664
0 0.43701171875 0.4944974321349963 0.044921875 0.06676449009537784
0 0.47021484375 0.46808510638297873 0.03125 0.05282465150403522
0 0.46923828125 0.6280264123257521 0.07275390625 0.13352898019075568
0 0.5205078125 0.6038151137197358 0.052734375 0.10051357300073367
0 0.52490234375 0.5253118121790169 0.04296875 0.06969919295671313
0 0.53759765625 0.4842259721203228 0.037109375 0.05062362435803375
0 0.5361328125 0.45194424064563465 0.029296875 0.05062362435803375
0 0.31396484375 0.4482758620689655 0.037109375 0.05575935436537051
0 0.27294921875 0.4607483492296405 0.03857421875 0.058694057226705794
0 0.23583984375 0.5091709464416728 0.04345703125 0.06456346294937637
0 0.25146484375 0.4475421863536317 0.03271484375 0.05575935436537051
0 0.14990234375 0.5473220836390316 0.05078125 0.07336757153338225
0 0.1796875 0.47175348495964786 0.0400390625 0.05282465150403522
0 0.11865234375 0.49816581071166544 0.046875 0.0652971386647102
0 0.10302734375 0.44093910491562727 0.03662109375 0.052090975788701394
0 0.05419921875 0.5231107850330154 0.052734375 0.07997065297138664
0 0.03271484375 0.5810711665443874 0.06396484375 0.08950843727072634
0 0.0224609375 0.47248716067498164 0.0390625 0.06016140865737344
0 0.04833984375 0.43947175348495965 0.03125 0.049889948642699924