0 0.14208984375 0.5047688921496698 0.08154296875 0.16287600880410857
0 0.32080078125 0.48789435069699194 0.06591796875 0.10711665443873808
0 0.40478515625 0.48495964783565665 0.060546875 0.08730741012472487
0 0.49169921875 0.6977256052824652 0.12939453125 0.22083639031548055
0 0.64599609375 0.5928099779897286 0.09521484375 0.18195157740278797
0 0.56982421875 0.458547322083639 0.06396484375 0.0983125458547322
0 0.7490234375 0.4284666177549523 0.03515625 0.06749816581071166
0 0.744140625 0.39691856199559794 0.037109375 0.05722670579603815
0 0.76806640625 0.5194424064563463 0.0673828125 0.13573000733675716
0 0.8623046875 0.4988994864269993 0.0625 0.1107850330154072
0 0.84033203125 0.417461482024945 0.03466796875 0.052090975788701394
0 0.85546875 0.4101247248716067 0.02490234375 0.04768892149669846
0 0.92919921875 0.45634629493763756 0.056640625 0.07776962582538519
0 0.9501953125 0.4277329420396185 0.03125 0.05796038151137197