0 0.8808333333333334 0.2506361323155216 0.055 0.09414758269720101
0 0.4608333333333333 0.38040712468193383 0.03166666666666667 0.05343511450381679
0 0.385 0.39185750636132316 0.04 0.06615776081424936
0 0.3491666666666667 0.3791348600508906 0.025 0.05597964376590331
0 0.29333333333333333 0.40966921119592875 0.04 0.05597964376590331
0 0.2841666666666667 0.3702290076335878 0.028333333333333332 0.043256997455470736
0 0.20833333333333334 0.38549618320610685 0.03666666666666667 0.058524173027989825
0 0.11083333333333334 0.3753180661577608 0.028333333333333332 0.03307888040712468
0 0.14416666666666667 0.6081424936386769 0.14833333333333334 0.21374045801526717
0 0.060833333333333336 0.39567430025445294 0.035 0.04834605597964377
0 0.015 0.37786259541984735 0.023333333333333334 0.05343511450381679