0 0.06396484375 0.5578809679529104 0.0556640625 0.09156311314584696
0 0.02001953125 0.5506867233485938 0.03759765625 0.07325049051667756
0 0.13232421875 0.6023544800523217 0.06982421875 0.09483322432962721
0 0.25830078125 0.7782864617396992 0.1328125 0.16677567037279267
0 0.2216796875 0.5219097449313277 0.04052734375 0.060170045781556575
0 0.2783203125 0.5310660562459124 0.0419921875 0.05559189012426422
0 0.2880859375 0.5081752779594506 0.0322265625 0.04643557880967953
0 0.31787109375 0.4028776978417266 0.02783203125 0.03597122302158273
0 0.35986328125 0.5310660562459124 0.0419921875 0.05755395683453238
0 0.4404296875 0.4970568999345978 0.03515625 0.05428384565075212
0 0.474609375 0.5846958796599084 0.05419921875 0.09156311314584696
0 0.5029296875 0.514061478090255 0.03076171875 0.04316546762589928
0 0.54296875 0.5238718116415958 0.03125 0.04251144538914323
0 0.595703125 0.5160235448005233 0.0361328125 0.041857423152387184
0 0.6083984375 0.5761935905820798 0.0595703125 0.08175277959450622
0 0.70068359375 0.6756049705689994 0.1064453125 0.1497710922171354
0 0.66552734375 0.5493786788750817 0.04736328125 0.053629823413996074
0 0.63623046875 0.499672988881622 0.029296875 0.03727926749509483
0 0.69482421875 0.4898626553302812 0.0283203125 0.040549378678875085
0 0.74560546875 0.5225637671680837 0.0390625 0.050359712230215826
0 0.78759765625 0.5107913669064749 0.029296875 0.058862001308044476
0 0.82177734375 0.5219097449313277 0.03369140625 0.053629823413996074
0 0.8681640625 0.5323741007194245 0.04931640625 0.07717462393721386
0 0.86181640625 0.6546762589928058 0.087890625 0.11772400261608895
0 0.93359375 0.5644211903204709 0.052734375 0.07782864617396991
0 0.94384765625 0.5219097449313277 0.0390625 0.053629823413996074