0 0.20082644628099172 0.23787878787878788 0.0512396694214876 0.09393939393939393
0 0.3446280991735537 0.23484848484848486 0.03471074380165289 0.07575757575757576
0 0.4231404958677686 0.21515151515151515 0.049586776859504134 0.09696969696969697
0 0.5140495867768595 0.22727272727272727 0.03636363636363636 0.07878787878787878
0 0.5909090909090909 0.19545454545454546 0.06776859504132231 0.11818181818181818
0 0.5363636363636364 0.21666666666666667 0.024793388429752067 0.05757575757575758
0 0.6727272727272727 0.19393939393939394 0.04628099173553719 0.10303030303030303
0 0.7553719008264462 0.19696969696969696 0.05619834710743802 0.10909090909090909
0 0.8297520661157025 0.1303030303030303 0.09256198347107437 0.17575757575757575
0 0.7297520661157024 0.19696969696969696 0.02809917355371901 0.07272727272727272
0 0.9223140495867769 0.19242424242424241 0.03636363636363636 0.08181818181818182