0 0.056666666666666664 0.47 0.09333333333333334 0.13555555555555557
0 0.325 0.45444444444444443 0.08 0.14
0 0.2841666666666667 0.3711111111111111 0.051666666666666666 0.08
0 0.26666666666666666 0.33111111111111113 0.05333333333333334 0.08
0 0.21916666666666668 0.29888888888888887 0.035 0.04666666666666667
0 0.10083333333333333 0.3655555555555556 0.055 0.09111111111111111
0 0.1275 0.35777777777777775 0.045 0.06222222222222222
0 0.13833333333333334 0.32666666666666666 0.03333333333333333 0.04888888888888889
0 0.12833333333333333 0.29444444444444445 0.03 0.042222222222222223
0 0.31083333333333335 0.29 0.028333333333333332 0.051111111111111114
0 0.35833333333333334 0.22777777777777777 0.056666666666666664 0.09111111111111111
0 0.44916666666666666 0.34 0.03833333333333333 0.04888888888888889
0 0.49333333333333335 0.2822222222222222 0.02666666666666667 0.044444444444444446
0 0.5175 0.31444444444444447 0.041666666666666664 0.06444444444444444
0 0.545 0.2722222222222222 0.03 0.042222222222222223
0 0.5475 0.3188888888888889 0.03833333333333333 0.05555555555555555
0 0.6125 0.33444444444444443 0.055 0.08222222222222222
0 0.6083333333333333 0.2777777777777778 0.02666666666666667 0.035555555555555556
0 0.6683333333333333 0.29777777777777775 0.03 0.057777777777777775
0 0.7066666666666667 0.31333333333333335 0.04 0.08
0 0.7475 0.35777777777777775 0.058333333333333334 0.10666666666666667
0 0.735 0.2877777777777778 0.03 0.04666666666666667
0 0.7625 0.27444444444444444 0.021666666666666667 0.03777777777777778
0 0.795 0.31777777777777777 0.03666666666666667 0.07555555555555556
0 0.5883333333333334 0.5377777777777778 0.18333333333333332 0.26666666666666666
0 0.8866666666666667 0.3488888888888889 0.07 0.12444444444444444
0 0.8775 0.27555555555555555 0.03166666666666667 0.04
0 0.92 0.2644444444444444 0.03 0.04888888888888889
0 0.9775 0.31666666666666665 0.041666666666666664 0.08222222222222222