0 0.08819444444444445 0.33541666666666664 0.05694444444444444 0.10416666666666667
0 0.2125 0.365625 0.058333333333333334 0.09791666666666667
0 0.21180555555555555 0.5072916666666667 0.07083333333333333 0.12708333333333333
0 0.30972222222222223 0.671875 0.11388888888888889 0.18958333333333333
0 0.08333333333333333 0.8739583333333333 0.1638888888888889 0.23541666666666666
0 0.4375 0.5489583333333333 0.08888888888888889 0.13958333333333334
0 0.5340277777777778 0.578125 0.06805555555555555 0.11458333333333333
0 0.7173611111111111 0.6239583333333333 0.14583333333333334 0.24375
0 0.5826388888888889 0.37604166666666666 0.05694444444444444 0.10625
0 0.4375 0.3927083333333333 0.06944444444444445 0.10208333333333333
0 0.3541666666666667 0.38333333333333336 0.07222222222222222 0.09166666666666666
0 0.6868055555555556 0.31666666666666665 0.06805555555555555 0.11666666666666667
0 0.9659722222222222 0.5354166666666667 0.06527777777777778 0.125