0 0.1689453125 0.7225490196078431 0.0732421875 0.10261437908496732
0 0.1484375 0.6709150326797385 0.0322265625 0.05032679738562092
0 0.252685546875 0.6725490196078432 0.03173828125 0.047058823529411764
0 0.307861328125 0.7062091503267974 0.05029296875 0.06862745098039216
0 0.36474609375 0.6937908496732026 0.0419921875 0.07124183006535947
0 0.368896484375 0.7937908496732026 0.08642578125 0.1326797385620915
0 0.37548828125 0.5996732026143791 0.0263671875 0.05032679738562092
0 0.449462890625 0.7169934640522876 0.04931640625 0.08104575163398693
0 0.484130859375 0.6980392156862745 0.03759765625 0.06535947712418301
0 0.510009765625 0.7003267973856209 0.03857421875 0.060784313725490195
0 0.591552734375 0.715359477124183 0.04345703125 0.05816993464052288
0 0.608154296875 0.7075163398692811 0.03076171875 0.0542483660130719
0 0.718505859375 0.7663398692810458 0.07373046875 0.10522875816993464
0 0.7255859375 0.7075163398692811 0.0537109375 0.06601307189542484
0 0.88623046875 0.6941176470588235 0.037109375 0.05228758169934641
0 0.93798828125 0.6964052287581699 0.0390625 0.05816993464052288