0 0.24333333333333335 0.6892230576441103 0.21666666666666667 0.3258145363408521
0 0.20833333333333334 0.4523809523809524 0.21666666666666667 0.2631578947368421
0 0.10833333333333334 0.36466165413533835 0.17666666666666667 0.23809523809523808
0 0.25 0.21804511278195488 0.12 0.23558897243107768
0 0.3358333333333333 0.16917293233082706 0.09833333333333333 0.20802005012531327
0 0.4708333333333333 0.15288220551378445 0.11166666666666666 0.23057644110275688
0 0.46 0.46115288220551376 0.17333333333333334 0.2656641604010025
0 0.6008333333333333 0.29949874686716793 0.09833333333333333 0.19298245614035087
0 0.7433333333333333 0.19548872180451127 0.1 0.23057644110275688
0 0.7366666666666667 0.5112781954887218 0.15333333333333332 0.2606516290726817
0 0.83 0.17919799498746866 0.06333333333333334 0.11278195488721804