0 0.17529296875 0.8404255319148937 0.1650390625 0.29623567921440264
0 0.427734375 0.7864157119476268 0.1640625 0.2896890343698854
0 0.75048828125 0.5826513911620295 0.1025390625 0.19639934533551553
0 0.7841796875 0.4787234042553192 0.080078125 0.13584288052373159
0 0.7236328125 0.3445171849427169 0.048828125 0.0867430441898527
0 0.7080078125 0.26759410801963995 0.02734375 0.057283142389525366
0 0.6484375 0.27086743044189854 0.02734375 0.054009819967266774
0 0.62158203125 0.323240589198036 0.0400390625 0.06382978723404255
0 0.5771484375 0.2741407528641571 0.025390625 0.04746317512274959
0 0.49658203125 0.2692307692307692 0.0263671875 0.05073649754500818
0 0.482421875 0.3330605564648118 0.041015625 0.08346972176759411
0 0.4970703125 0.41080196399345337 0.0703125 0.10801963993453355
0 0.40087890625 0.2479541734860884 0.0244140625 0.04746317512274959
0 0.44580078125 0.24877250409165302 0.0224609375 0.049099836333878884
0 0.4482421875 0.31014729950900166 0.041015625 0.07692307692307693
0 0.35986328125 0.3404255319148936 0.0517578125 0.09165302782324058
0 0.3447265625 0.2602291325695581 0.03515625 0.07201309328968904
0 0.33056640625 0.2381342062193126 0.0166015625 0.031096563011456628
0 0.3076171875 0.251227495908347 0.0234375 0.03436988543371522
0 0.27880859375 0.23158756137479541 0.0224609375 0.04091653027823241
0 0.236328125 0.28314238952536824 0.037109375 0.06546644844517185
0 0.1826171875 0.34615384615384615 0.05859375 0.09983633387888707
0 0.76220703125 0.309328968903437 0.0322265625 0.05237315875613748
0 0.76025390625 0.2741407528641571 0.0244140625 0.044189852700491
0 0.783203125 0.2888707037643208 0.017578125 0.044189852700491
0 0.85400390625 0.3723404255319149 0.0439453125 0.07692307692307693
0 0.958984375 0.3502454991816694 0.0390625 0.06546644844517185
0 0.95068359375 0.3109656301145663 0.0283203125 0.049099836333878884