0 0.081 0.704 0.094 0.144
0 0.159 0.7 0.066 0.09333333333333334
0 0.159 0.656 0.042 0.058666666666666666
0 0.182 0.6586666666666666 0.04 0.064
0 0.253 0.66 0.042 0.06666666666666667
0 0.282 0.6613333333333333 0.06 0.10133333333333333
0 0.348 0.6426666666666667 0.036 0.058666666666666666
0 0.381 0.6786666666666666 0.054 0.07733333333333334
0 0.359 0.5773333333333334 0.078 0.11466666666666667
0 0.54 0.6373333333333333 0.04 0.064
0 0.839 0.8493333333333334 0.278 0.2853333333333333
0 0.83 0.6826666666666666 0.1 0.10666666666666667
0 0.967 0.68 0.054 0.08
0 0.957 0.652 0.042 0.06666666666666667