0 0.208984375 0.419921875 0.05419921875 0.09114583333333333
0 0.091796875 0.8111979166666666 0.16650390625 0.2506510416666667
0 0.384765625 0.6842447916666666 0.1103515625 0.171875
0 0.53759765625 0.8977864583333334 0.25 0.20377604166666666
0 0.75048828125 0.798828125 0.17431640625 0.23372395833333334
0 0.546875 0.6497395833333334 0.10302734375 0.134765625
0 0.642578125 0.6061197916666666 0.0712890625 0.10416666666666667
0 0.69287109375 0.5944010416666666 0.06982421875 0.10611979166666667
0 0.7802734375 0.564453125 0.076171875 0.08723958333333333
0 0.91015625 0.6608072916666666 0.1220703125 0.189453125
0 0.98193359375 0.6223958333333334 0.03515625 0.11328125
0 0.97119140625 0.3880208333333333 0.05712890625 0.08854166666666667