0 0.25048828125 0.453125 0.03369140625 0.052734375
0 0.06884765625 0.6419270833333334 0.05517578125 0.07421875
0 0.2421875 0.8639322916666666 0.1689453125 0.23307291666666666
0 0.3037109375 0.68359375 0.0908203125 0.13997395833333334
0 0.28173828125 0.619140625 0.05859375 0.06510416666666667
0 0.30419921875 0.6009114583333334 0.04541015625 0.06901041666666667
0 0.36279296875 0.576171875 0.02978515625 0.05078125
0 0.3818359375 0.607421875 0.03662109375 0.05859375
0 0.41650390625 0.6315104166666666 0.0517578125 0.07552083333333333
0 0.47412109375 0.6861979166666666 0.07470703125 0.111328125
0 0.60400390625 0.837890625 0.10498046875 0.16927083333333334
0 0.6494140625 0.6940104166666666 0.07958984375 0.11197916666666667
0 0.59326171875 0.59765625 0.04736328125 0.06380208333333333
0 0.53076171875 0.6380208333333334 0.0439453125 0.055338541666666664
0 0.4970703125 0.61328125 0.0380859375 0.038411458333333336
0 0.45361328125 0.572265625 0.03857421875 0.048828125
0 0.54150390625 0.564453125 0.03662109375 0.057942708333333336
0 0.630859375 0.5755208333333334 0.0322265625 0.043619791666666664
0 0.7080078125 0.587890625 0.0439453125 0.06315104166666667
0 0.68896484375 0.6334635416666666 0.04931640625 0.06380208333333333
0 0.82470703125 0.6725260416666666 0.06982421875 0.10416666666666667
0 0.953125 0.70703125 0.09033203125 0.15625
0 0.890625 0.6412760416666666 0.0634765625 0.09895833333333333
0 0.888671875 0.5924479166666666 0.041015625 0.048177083333333336
0 0.87060546875 0.5651041666666666 0.033203125 0.040364583333333336
0 0.82373046875 0.6282552083333334 0.0439453125 0.0546875
0 0.79150390625 0.5989583333333334 0.03955078125 0.047526041666666664
0 0.79931640625 0.5709635416666666 0.0322265625 0.04296875
0 0.9326171875 0.568359375 0.037109375 0.05078125
0 0.96044921875 0.58984375 0.041015625 0.054036458333333336
0 0.984375 0.5572916666666666 0.0302734375 0.059895833333333336