0 0.059 0.236 0.034 0.056
0 0.142 0.25066666666666665 0.052 0.06933333333333333
0 0.184 0.212 0.04 0.06133333333333333
0 0.285 0.25466666666666665 0.034 0.050666666666666665
0 0.311 0.25866666666666666 0.046 0.06933333333333333
0 0.388 0.30666666666666664 0.052 0.06933333333333333
0 0.463 0.3293333333333333 0.03 0.06133333333333333
0 0.508 0.3373333333333333 0.032 0.050666666666666665
0 0.524 0.26266666666666666 0.032 0.06666666666666667
0 0.554 0.31733333333333336 0.032 0.058666666666666666
0 0.551 0.46 0.042 0.06666666666666667
0 0.569 0.2613333333333333 0.034 0.048
0 0.629 0.228 0.046 0.07733333333333334
0 0.709 0.204 0.038 0.06666666666666667
0 0.7 0.28933333333333333 0.044 0.06133333333333333
0 0.765 0.22533333333333333 0.03 0.050666666666666665
0 0.802 0.20133333333333334 0.032 0.06666666666666667
0 0.776 0.32266666666666666 0.036 0.048
0 0.905 0.22533333333333333 0.042 0.07733333333333334