0 0.169140625 0.7186400937866354 0.13515625 0.17819460726846426
0 0.17421875 0.5943728018757327 0.1140625 0.16178194607268465
0 0.104296875 0.5457209847596718 0.09453125 0.14419695193434937
0 0.08359375 0.4425556858147714 0.078125 0.11137162954279015
0 0.0515625 0.5158264947245017 0.0734375 0.12192262602579132
0 0.02734375 0.43786635404454866 0.0515625 0.08323563892145369
0 0.19296875 0.3710433763188746 0.046875 0.0738569753810082
0 0.26015625 0.36283704572098474 0.0484375 0.07620164126611957
0 0.325 0.3675263774912075 0.0453125 0.0738569753810082
0 0.375390625 0.33821805392731535 0.04453125 0.06447831184056271
0 0.344921875 0.7338804220398594 0.13203125 0.24150058616647127
0 0.52734375 0.7743259085580305 0.165625 0.2708089097303634
0 0.71328125 0.7098475967174678 0.1515625 0.22626025791324736
0 0.624609375 0.0873388042203986 0.04609375 0.09730363423212192
0 0.72578125 0.2567409144196952 0.0671875 0.11488862837045721