0 0.0390625 0.8772058823529412 0.078125 0.13529411764705881
0 0.02783203125 0.700735294117647 0.05322265625 0.12720588235294117
0 0.04638671875 0.6433823529411765 0.03662109375 0.051470588235294115
0 0.0595703125 0.6125 0.03271484375 0.04779411764705882
0 0.0419921875 0.5610294117647059 0.03466796875 0.052941176470588235
0 0.099609375 0.5727941176470588 0.02880859375 0.03823529411764706
0 0.10595703125 0.5433823529411764 0.0302734375 0.03455882352941177
0 0.12109375 0.6014705882352941 0.02685546875 0.045588235294117645
0 0.1533203125 0.6786764705882353 0.052734375 0.09264705882352942
0 0.16650390625 0.6286764705882353 0.03564453125 0.060294117647058824
0 0.14306640625 0.6330882352941176 0.0341796875 0.05955882352941176
0 0.19775390625 0.5566176470588236 0.0283203125 0.04338235294117647
0 0.197265625 0.5397058823529411 0.02099609375 0.03455882352941177
0 0.216796875 0.575735294117647 0.02685546875 0.04485294117647059
0 0.2392578125 0.6169117647058824 0.03076171875 0.052941176470588235
0 0.2529296875 0.6360294117647058 0.037109375 0.05661764705882353
0 0.2548828125 0.6970588235294117 0.068359375 0.11102941176470588
0 0.28759765625 0.6338235294117647 0.04931640625 0.06838235294117648
0 0.33935546875 0.8036764705882353 0.0869140625 0.16470588235294117
0 0.421875 0.8845588235294117 0.1162109375 0.17352941176470588
0 0.42578125 0.6911764705882353 0.08056640625 0.1161764705882353
0 0.3251953125 0.5169117647058824 0.0263671875 0.04411764705882353
0 0.2626953125 0.39338235294117646 0.02294921875 0.03529411764705882
0 0.36181640625 0.5352941176470588 0.02490234375 0.039705882352941174
0 0.37548828125 0.5558823529411765 0.0263671875 0.0375
0 0.4189453125 0.5301470588235294 0.02001953125 0.030882352941176472
0 0.43115234375 0.5375 0.02001953125 0.03602941176470588
0 0.44189453125 0.5698529411764706 0.02587890625 0.04779411764705882
0 0.52880859375 0.6080882352941176 0.03662109375 0.054411764705882354
0 0.5185546875 0.5852941176470589 0.03173828125 0.05220588235294118
0 0.484375 0.5161764705882353 0.02685546875 0.03308823529411765
0 0.48974609375 0.4889705882352941 0.02587890625 0.04338235294117647
0 0.5185546875 0.5227941176470589 0.025390625 0.04485294117647059
0 0.53857421875 0.4852941176470588 0.02587890625 0.05073529411764706
0 0.54150390625 0.513235294117647 0.02099609375 0.030147058823529412
0 0.5810546875 0.5220588235294118 0.02587890625 0.045588235294117645
0 0.59375 0.5036764705882353 0.0224609375 0.039705882352941174
0 0.61181640625 0.6095588235294118 0.0458984375 0.08088235294117647
0 0.59423828125 0.5838235294117647 0.0341796875 0.058823529411764705
0 0.60791015625 0.5639705882352941 0.03076171875 0.05
0 0.576171875 0.775 0.07763671875 0.12205882352941176
0 0.6669921875 0.7852941176470588 0.10888671875 0.1588235294117647
0 0.63525390625 0.5102941176470588 0.03466796875 0.047058823529411764
0 0.64306640625 0.48676470588235293 0.02978515625 0.03529411764705882
0 0.6650390625 0.5522058823529412 0.03564453125 0.05367647058823529
0 0.67138671875 0.5683823529411764 0.03173828125 0.05367647058823529
0 0.7021484375 0.6147058823529412 0.05126953125 0.1
0 0.7314453125 0.5698529411764706 0.04052734375 0.05955882352941176
0 0.70068359375 0.5360294117647059 0.03369140625 0.04191176470588235
0 0.7021484375 0.5110294117647058 0.029296875 0.04411764705882353
0 0.6953125 0.4713235294117647 0.02392578125 0.03823529411764706
0 0.783203125 0.5838235294117647 0.0517578125 0.07867647058823529
0 0.75 0.4875 0.02294921875 0.0375
0 0.74658203125 0.46544117647058825 0.02001953125 0.027941176470588237
0 0.7783203125 0.4676470588235294 0.02294921875 0.03455882352941177
0 0.79541015625 0.4566176470588235 0.01806640625 0.033823529411764704
0 0.83740234375 0.5448529411764705 0.04736328125 0.06544117647058824
0 0.83349609375 0.5 0.02685546875 0.04411764705882353
0 0.8408203125 0.4676470588235294 0.0205078125 0.04191176470588235
0 0.8359375 0.4441176470588235 0.01953125 0.026470588235294117
0 0.8603515625 0.46544117647058825 0.0205078125 0.030147058823529412
0 0.87353515625 0.4875 0.021484375 0.04926470588235294
0 0.89501953125 0.4933823529411765 0.03515625 0.045588235294117645
0 0.88916015625 0.4647058823529412 0.02294921875 0.03308823529411765
0 0.9072265625 0.4860294117647059 0.021484375 0.03897058823529412
0 0.95263671875 0.5058823529411764 0.03564453125 0.047058823529411764
0 0.9619140625 0.5551470588235294 0.03759765625 0.0625
0 0.98486328125 0.5764705882352941 0.02978515625 0.06544117647058824
0 0.91162109375 0.5897058823529412 0.05224609375 0.07647058823529412
0 0.8662109375 0.649264705882353 0.0771484375 0.12426470588235294
0 0.9677734375 0.4823529411764706 0.02392578125 0.033823529411764704
0 0.97412109375 0.4602941176470588 0.02294921875 0.03676470588235294