0 0.1995 0.6099024756189048 0.092 0.15603900975243812
0 0.30375 0.4186046511627907 0.0645 0.11252813203300825
0 0.37075 0.459489872468117 0.0505 0.09077269317329333
0 0.483 0.27644411102775696 0.044 0.09977494373593399
0 0.51025 0.29669917479369845 0.0265 0.04576144036009002
0 0.544 0.30120030007501875 0.019 0.04126031507876969
0 0.5375 0.377344336084021 0.027 0.05101275318829707
0 0.6115 0.4418604651162791 0.047 0.09152288072018004
0 0.5895 0.37959489872468116 0.035 0.06751687921980495
0 0.6135 0.36196549137284323 0.032 0.05776444111027757
0 0.662 0.3285821455363841 0.022 0.03600900225056264
0 0.761 0.4703675918979745 0.067 0.12903225806451613
0 0.79325 0.367966991747937 0.0345 0.05026256564141035
0 0.86125 0.2948237059264816 0.0505 0.08552138034508627
0 0.95425 0.36196549137284323 0.0345 0.0622655663915979
0 0.432 0.35183795948987245 0.039 0.06151537884471118