0 0.046 0.5900900900900901 0.072 0.12312312312312312
0 0.043 0.536036036036036 0.058 0.08108108108108109
0 0.072 0.45795795795795796 0.064 0.10510510510510511
0 0.111 0.44144144144144143 0.05 0.09009009009009009
0 0.212 0.5375375375375375 0.068 0.10810810810810811
0 0.221 0.48348348348348347 0.062 0.09009009009009009
0 0.275 0.5315315315315315 0.062 0.0960960960960961
0 0.251 0.6816816816816816 0.094 0.15015015015015015
0 0.362 0.7492492492492493 0.1 0.16516516516516516
0 0.387 0.53003003003003 0.066 0.10510510510510511
0 0.403 0.47297297297297297 0.058 0.07507507507507508
0 0.481 0.7087087087087087 0.094 0.18618618618618618
0 0.612 0.5765765765765766 0.076 0.12612612612612611
0 0.732 0.539039039039039 0.064 0.1111111111111111
0 0.653 0.8873873873873874 0.118 0.2012012012012012
0 0.804 0.6291291291291291 0.08 0.1111111111111111
0 0.864 0.7162162162162162 0.084 0.15915915915915915
0 0.926 0.8033033033033034 0.096 0.16516516516516516
0 0.897 0.5900900900900901 0.082 0.13513513513513514
0 0.876 0.4984984984984985 0.06 0.09009009009009009
0 0.733 0.20270270270270271 0.042 0.08108108108108109