0 0.5891666666666666 0.8225 0.08833333333333333 0.15
0 0.5958333333333333 0.68 0.065 0.115
0 0.6308333333333334 0.59 0.045 0.07
0 0.6533333333333333 0.545 0.04 0.08
0 0.5625 0.53625 0.03166666666666667 0.0575
0 0.5308333333333334 0.58625 0.03833333333333333 0.0625
0 0.5333333333333333 0.55375 0.03333333333333333 0.0525
0 0.45166666666666666 0.65375 0.06666666666666667 0.1125
0 0.4608333333333333 0.61375 0.041666666666666664 0.0675
0 0.4275 0.43375 0.018333333333333333 0.0375
0 0.36833333333333335 0.4375 0.023333333333333334 0.04
0 0.41 0.525 0.02666666666666667 0.04
0 0.3441666666666667 0.535 0.035 0.055
0 0.30916666666666665 0.55375 0.035 0.0525
0 0.2808333333333333 0.5625 0.045 0.08
0 0.23083333333333333 0.54875 0.03166666666666667 0.0525
0 0.21416666666666667 0.57125 0.03833333333333333 0.0525
0 0.2075 0.5225 0.03833333333333333 0.05
0 0.14 0.63625 0.06333333333333334 0.0825
0 0.12666666666666668 0.56875 0.04 0.0575
0 0.14833333333333334 0.55375 0.03333333333333333 0.0525
0 0.07166666666666667 0.54 0.03333333333333333 0.045
0 0.020833333333333332 0.58125 0.035 0.0625
0 0.25583333333333336 0.875 0.11833333333333333 0.195
0 0.81 0.53625 0.03 0.0625
0 0.8358333333333333 0.5375 0.03833333333333333 0.07
0 0.9158333333333334 0.64 0.055 0.11
0 0.955 0.65375 0.06333333333333334 0.1075
0 0.975 0.59625 0.043333333333333335 0.0775