0 0.075 0.6819444444444445 0.05416666666666667 0.08055555555555556
0 0.12083333333333333 0.7305555555555555 0.0625 0.1
0 0.04791666666666667 0.8194444444444444 0.07916666666666666 0.11666666666666667
0 0.21666666666666667 0.6791666666666667 0.05 0.08055555555555556
0 0.3416666666666667 0.8486111111111111 0.06666666666666667 0.125
0 0.3458333333333333 0.7513888888888889 0.058333333333333334 0.08055555555555556
0 0.37916666666666665 0.6944444444444444 0.0375 0.06666666666666667
0 0.4895833333333333 0.6944444444444444 0.041666666666666664 0.06111111111111111
0 0.525 0.7541666666666667 0.05 0.08055555555555556
0 0.5375 0.8402777777777778 0.0625 0.09722222222222222
0 0.5729166666666666 0.9430555555555555 0.09166666666666666 0.09722222222222222
0 0.6729166666666667 0.7125 0.041666666666666664 0.058333333333333334
0 0.7479166666666667 0.5388888888888889 0.041666666666666664 0.06666666666666667
0 0.7302083333333333 0.7694444444444445 0.04791666666666667 0.07222222222222222
0 0.7875 0.7013888888888888 0.04583333333333333 0.075
0 0.8239583333333333 0.8291666666666667 0.06041666666666667 0.10277777777777777
0 0.859375 0.7555555555555555 0.04791666666666667 0.08333333333333333