0 0.9332627118644068 0.7857142857142857 0.10805084745762712 0.19285714285714287
0 0.7838983050847458 0.6821428571428572 0.0635593220338983 0.12857142857142856
0 0.7065677966101694 0.7785714285714286 0.09957627118644068 0.16428571428571428
0 0.5466101694915254 0.8410714285714286 0.1483050847457627 0.24642857142857144
0 0.4078389830508475 0.6464285714285715 0.048728813559322036 0.08571428571428572
0 0.3072033898305085 0.6732142857142858 0.06779661016949153 0.11071428571428571
0 0.2108050847457627 0.6553571428571429 0.04449152542372881 0.08928571428571429
0 0.1483050847457627 0.6928571428571428 0.07627118644067797 0.1357142857142857
0 0.0836864406779661 0.6678571428571428 0.048728813559322036 0.09285714285714286
0 0.04766949152542373 0.6053571428571428 0.036016949152542374 0.060714285714285714
0 0.025423728813559324 0.5732142857142857 0.03389830508474576 0.05357142857142857
0 0.09533898305084745 0.5696428571428571 0.029661016949152543 0.05357142857142857
0 0.1641949152542373 0.575 0.02754237288135593 0.05714285714285714
0 0.22245762711864406 0.5910714285714286 0.029661016949152543 0.04642857142857143
0 0.2595338983050847 0.5964285714285714 0.03177966101694915 0.05714285714285714
0 0.3591101694915254 0.6142857142857143 0.036016949152542374 0.05714285714285714
0 0.4491525423728814 0.5803571428571429 0.03389830508474576 0.05357142857142857
0 0.5 0.6321428571428571 0.046610169491525424 0.07142857142857142
0 0.5 0.5767857142857142 0.03389830508474576 0.060714285714285714
0 0.5688559322033898 0.6160714285714286 0.048728813559322036 0.08214285714285714
0 0.5444915254237288 0.575 0.025423728813559324 0.05
0 0.2944915254237288 0.5678571428571428 0.0211864406779661 0.04285714285714286
0 0.6408898305084746 0.5982142857142857 0.023305084745762712 0.05357142857142857
0 0.6197033898305084 0.5678571428571428 0.02754237288135593 0.05
0 0.6504237288135594 0.5464285714285714 0.01694915254237288 0.03571428571428571
0 0.6747881355932204 0.5732142857142857 0.03177966101694915 0.05357142857142857
0 0.7023305084745762 0.5857142857142857 0.023305084745762712 0.04285714285714286
0 0.7023305084745762 0.5482142857142858 0.019067796610169493 0.03214285714285714
0 0.7383474576271186 0.5696428571428571 0.023305084745762712 0.039285714285714285
0 0.8114406779661016 0.6303571428571428 0.046610169491525424 0.09642857142857143
0 0.847457627118644 0.6107142857142858 0.038135593220338986 0.07857142857142857
0 0.8760593220338984 0.5982142857142857 0.036016949152542374 0.075
0 0.8569915254237288 0.5553571428571429 0.023305084745762712 0.05357142857142857
0 0.8029661016949152 0.5482142857142858 0.025423728813559324 0.04642857142857143
0 0.972457627118644 0.6142857142857143 0.046610169491525424 0.08571428571428572