0 0.71484375 0.13194444444444445 0.0890625 0.175
0 0.25234375 0.5152777777777777 0.0390625 0.075
0 0.16171875 0.9041666666666667 0.1109375 0.175
0 0.08671875 0.8625 0.0859375 0.14722222222222223
0 0.1015625 0.7541666666666667 0.059375 0.11944444444444445
0 0.03359375 0.6694444444444444 0.0484375 0.08333333333333333
0 0.14921875 0.6944444444444444 0.0515625 0.07777777777777778
0 0.10234375 0.6708333333333333 0.0484375 0.08611111111111111
0 0.35390625 0.6 0.0390625 0.06111111111111111
0 0.35703125 0.6597222222222222 0.0421875 0.058333333333333334
0 0.41484375 0.625 0.0359375 0.05555555555555555
0 0.48125 0.5916666666666667 0.034375 0.07222222222222222
0 0.55234375 0.6236111111111111 0.0390625 0.075
0 0.58203125 0.7222222222222222 0.0515625 0.07777777777777778
0 0.62265625 0.8 0.0796875 0.11666666666666667
0 0.78359375 0.7180555555555556 0.0546875 0.125
0 0.9546875 0.7944444444444444 0.0875 0.18888888888888888
0 0.921875 0.5041666666666667 0.071875 0.125
0 0.76328125 0.6333333333333333 0.0484375 0.07777777777777778
0 0.78125 0.5861111111111111 0.03125 0.06666666666666667
0 0.815625 0.5930555555555556 0.03125 0.08055555555555556
0 0.52109375 0.6944444444444444 0.0453125 0.07777777777777778
0 0.6125 0.5958333333333333 0.0375 0.08055555555555556
0 0.590625 0.6347222222222222 0.040625 0.075
0 0.5734375 0.5902777777777778 0.034375 0.05277777777777778
0 0.47421875 0.6722222222222223 0.0453125 0.06111111111111111
0 0.4609375 0.6291666666666667 0.0375 0.06388888888888888
0 0.421875 0.7 0.05 0.07777777777777778