0 0.05859375 0.33642578125 0.027994791666666668 0.0341796875
0 0.044921875 0.36279296875 0.0390625 0.041015625
0 0.037760416666666664 0.43994140625 0.07486979166666667 0.072265625
0 0.16471354166666666 0.39404296875 0.042317708333333336 0.03759765625
0 0.18489583333333334 0.35107421875 0.0390625 0.03369140625
0 0.24153645833333334 0.3994140625 0.051432291666666664 0.04248046875
0 0.2552083333333333 0.37890625 0.03515625 0.03662109375
0 0.3795572916666667 0.412109375 0.057942708333333336 0.05419921875
0 0.3658854166666667 0.38720703125 0.044921875 0.0302734375
0 0.5045572916666666 0.392578125 0.051432291666666664 0.048828125
0 0.279296875 0.52490234375 0.09244791666666667 0.08349609375
0 0.3333333333333333 0.7158203125 0.17252604166666666 0.140625
0 0.5950520833333334 0.59912109375 0.12890625 0.11328125
0 0.6614583333333334 0.4814453125 0.08528645833333333 0.0673828125
0 0.7135416666666666 0.40380859375 0.057942708333333336 0.03857421875