0 0.105 0.554375 0.04833333333333333 0.08125
0 0.23291666666666666 0.5625 0.05583333333333333 0.09
0 0.28625 0.545625 0.0575 0.09625
0 0.2654166666666667 0.47375 0.04416666666666667 0.0625
0 0.35583333333333333 0.309375 0.065 0.12125
0 0.4816666666666667 0.384375 0.051666666666666666 0.08875
0 0.4683333333333333 0.500625 0.075 0.11875
0 0.36833333333333335 0.52125 0.06 0.09
0 0.4454166666666667 0.526875 0.03916666666666667 0.08375
0 0.5854166666666667 0.4925 0.04416666666666667 0.085
0 0.57 0.5275 0.041666666666666664 0.0625
0 0.6475 0.530625 0.07833333333333334 0.13625
0 0.6729166666666667 0.469375 0.049166666666666664 0.09875
0 0.6975 0.49 0.03 0.065
0 0.835 0.481875 0.03166666666666667 0.07375
0 0.8575 0.46625 0.043333333333333335 0.09
0 0.88375 0.485 0.0575 0.1125
0 0.96 0.425625 0.07833333333333334 0.16125