0 0.203515625 0.39739583333333334 0.03046875 0.046875
0 0.103125 0.5401041666666667 0.053125 0.06770833333333333
0 0.1265625 0.6515625 0.0578125 0.084375
0 0.193359375 0.5880208333333333 0.05703125 0.08229166666666667
0 0.281640625 0.5364583333333334 0.04609375 0.06458333333333334
0 0.274609375 0.671875 0.07734375 0.11666666666666667
0 0.41875 0.771875 0.1765625 0.23541666666666666
0 0.39140625 0.58125 0.053125 0.07708333333333334
0 0.48515625 0.5296875 0.04375 0.07395833333333333
0 0.5671875 0.5682291666666667 0.0546875 0.09479166666666666
0 0.628515625 0.53125 0.04453125 0.06458333333333334
0 0.64296875 0.5723958333333333 0.0546875 0.08020833333333334
0 0.634765625 0.7854166666666667 0.12109375 0.21875
0 0.64375 0.6666666666666666 0.0953125 0.125
0 0.746484375 0.4901041666666667 0.04140625 0.06354166666666666
0 0.793359375 0.5369791666666667 0.04765625 0.06770833333333333
0 0.833984375 0.6494791666666667 0.07421875 0.11770833333333333
0 0.924609375 0.5338541666666666 0.04453125 0.06979166666666667
0 0.93828125 0.4864583333333333 0.0421875 0.07083333333333333