0 0.05126953125 0.9036458333333334 0.0859375 0.15885416666666666
0 0.0673828125 0.8333333333333334 0.05517578125 0.09830729166666667
0 0.11572265625 0.8600260416666666 0.05615234375 0.11002604166666667
0 0.1865234375 0.8216145833333334 0.05322265625 0.087890625
0 0.2578125 0.9212239583333334 0.0830078125 0.14388020833333334
0 0.25390625 0.8587239583333334 0.0615234375 0.09505208333333333
0 0.33740234375 0.8209635416666666 0.05615234375 0.07877604166666667
0 0.365234375 0.9407552083333334 0.12646484375 0.1171875
0 0.39306640625 0.8834635416666666 0.09228515625 0.12760416666666666
0 0.470703125 0.8561197916666666 0.064453125 0.095703125
0 0.55322265625 0.912109375 0.0908203125 0.14192708333333334
0 0.6044921875 0.8411458333333334 0.04638671875 0.06966145833333333
0 0.63818359375 0.900390625 0.0703125 0.095703125
0 0.68359375 0.8828125 0.0712890625 0.119140625
0 0.80078125 0.640625 0.05224609375 0.06705729166666667