0 0.0703125 0.6861979166666666 0.1259765625 0.224609375
0 0.03759765625 0.4778645833333333 0.06640625 0.15364583333333334
0 0.15673828125 0.3704427083333333 0.0390625 0.0703125
0 0.228515625 0.3984375 0.05029296875 0.0703125
0 0.28369140625 0.4140625 0.046875 0.078125
0 0.26708984375 0.380859375 0.03125 0.052083333333333336
0 0.33056640625 0.40625 0.0380859375 0.072265625
0 0.34521484375 0.3834635416666667 0.03125 0.060546875
0 0.3896484375 0.4694010416666667 0.0546875 0.09309895833333333
0 0.421875 0.4453125 0.037109375 0.07096354166666667
0 0.42822265625 0.3997395833333333 0.04443359375 0.0625
0 0.5087890625 0.4407552083333333 0.0546875 0.0859375
0 0.5673828125 0.5403645833333334 0.0771484375 0.13997395833333334
0 0.5068359375 0.4029947916666667 0.04443359375 0.06770833333333333
0 0.56884765625 0.3932291666666667 0.03515625 0.046875
0 0.6484375 0.4388020833333333 0.046875 0.080078125
0 0.6181640625 0.4088541666666667 0.0380859375 0.061848958333333336
0 0.6484375 0.3958333333333333 0.0380859375 0.05859375
0 0.71435546875 0.3854166666666667 0.03662109375 0.06510416666666667
0 0.6943359375 0.3723958333333333 0.02490234375 0.0390625
0 0.755859375 0.4244791666666667 0.0546875 0.09114583333333333
0 0.73291015625 0.5188802083333334 0.076171875 0.111328125
0 0.85302734375 0.6282552083333334 0.103515625 0.19010416666666666
0 0.8544921875 0.4986979166666667 0.07861328125 0.09309895833333333
0 0.80029296875 0.3919270833333333 0.03125 0.057291666666666664
0 0.87109375 0.42578125 0.044921875 0.06315104166666667
0 0.9306640625 0.4010416666666667 0.04541015625 0.060546875
0 0.96240234375 0.4928385416666667 0.07421875 0.1484375