0 0.051224944320712694 0.6238095238095238 0.09799554565701558 0.16825396825396827
0 0.11581291759465479 0.5793650793650794 0.0801781737193764 0.13015873015873017
0 0.1291759465478842 0.4746031746031746 0.07126948775055679 0.10476190476190476
0 0.3975501113585746 0.49523809523809526 0.051224944320712694 0.08253968253968254
0 0.4398663697104677 0.4936507936507937 0.06904231625835189 0.13015873015873017
0 0.48997772828507796 0.5253968253968254 0.066815144766147 0.10476190476190476
0 0.5824053452115813 0.546031746031746 0.08685968819599109 0.14603174603174604
0 0.6492204899777283 0.4492063492063492 0.060133630289532294 0.1111111111111111
0 0.6302895322939867 0.29365079365079366 0.04899777282850779 0.09206349206349207
0 0.7182628062360802 0.5047619047619047 0.0645879732739421 0.12063492063492064
0 0.6926503340757239 0.7301587301587301 0.12472160356347439 0.25396825396825395
0 0.8385300668151447 0.7952380952380952 0.21603563474387527 0.35873015873015873
0 0.8173719376391982 0.553968253968254 0.09799554565701558 0.1365079365079365
0 0.9097995545657016 0.48095238095238096 0.0645879732739421 0.1111111111111111
0 0.9521158129175946 0.573015873015873 0.09131403118040089 0.1746031746031746
0 0.9621380846325167 0.5047619047619047 0.05790645879732739 0.10793650793650794