0 0.47 0.6242603550295858 0.016666666666666666 0.029585798816568046
0 0.15583333333333332 0.9571005917159763 0.051666666666666666 0.07988165680473373
0 0.20166666666666666 0.908284023668639 0.03666666666666667 0.07100591715976332
0 0.2966666666666667 0.8949704142011834 0.03333333333333333 0.0621301775147929
0 0.3225 0.8387573964497042 0.028333333333333332 0.05621301775147929
0 0.35 0.7973372781065089 0.02 0.03254437869822485
0 0.2683333333333333 0.7884615384615384 0.023333333333333334 0.038461538461538464
0 0.25583333333333336 0.8047337278106509 0.021666666666666667 0.04142011834319527
0 0.23166666666666666 0.8195266272189349 0.023333333333333334 0.04142011834319527
0 0.21833333333333332 0.8402366863905325 0.023333333333333334 0.047337278106508875
0 0.11666666666666667 0.8520710059171598 0.043333333333333335 0.07100591715976332
0 0.10666666666666667 0.7973372781065089 0.02 0.04437869822485207
0 0.056666666666666664 0.7928994082840237 0.02666666666666667 0.047337278106508875
0 0.17 0.7899408284023669 0.02 0.04142011834319527
0 0.22333333333333333 0.7825443786982249 0.02 0.04437869822485207
0 0.6141666666666666 0.7840236686390533 0.025 0.04142011834319527
0 0.6508333333333334 0.8328402366863905 0.028333333333333332 0.05621301775147929
0 0.6691666666666667 0.863905325443787 0.03166666666666667 0.05325443786982249
0 0.6966666666666667 0.8106508875739645 0.023333333333333334 0.047337278106508875
0 0.6983333333333334 0.7825443786982249 0.023333333333333334 0.04437869822485207
0 0.7416666666666667 0.8757396449704142 0.04 0.08875739644970414
0 0.735 0.8210059171597633 0.02666666666666667 0.038461538461538464
0 0.7758333333333334 0.8594674556213018 0.03833333333333333 0.05621301775147929
0 0.7825 0.772189349112426 0.028333333333333332 0.047337278106508875
0 0.77 0.7899408284023669 0.023333333333333334 0.047337278106508875
0 0.7916666666666666 0.8106508875739645 0.023333333333333334 0.04142011834319527
0 0.8175 0.8224852071005917 0.021666666666666667 0.04142011834319527
0 0.8291666666666667 0.8594674556213018 0.028333333333333332 0.05029585798816568
0 0.885 0.9068047337278107 0.04 0.0621301775147929
0 0.8658333333333333 0.8121301775147929 0.025 0.05029585798816568
0 0.9108333333333334 0.7707100591715976 0.021666666666666667 0.038461538461538464
0 0.91 0.8062130177514792 0.02 0.038461538461538464
0 0.9275 0.841715976331361 0.03166666666666667 0.05029585798816568
0 0.9766666666666667 0.8846153846153846 0.03666666666666667 0.07100591715976332
0 0.9825 0.8210059171597633 0.028333333333333332 0.05029585798816568
0 0.9766666666666667 0.7884615384615384 0.023333333333333334 0.038461538461538464
0 0.9866666666666667 0.764792899408284 0.02 0.038461538461538464