0 0.33056640625 0.35384615384615387 0.01708984375 0.03223443223443224
0 0.94970703125 0.36923076923076925 0.0185546875 0.034432234432234435
0 0.74072265625 0.3860805860805861 0.01025390625 0.023443223443223443
0 0.91455078125 0.7589743589743589 0.09521484375 0.1523809523809524
0 0.70068359375 0.6827838827838828 0.0634765625 0.11282051282051282
0 0.75537109375 0.5663003663003663 0.0390625 0.0673992673992674
0 0.76171875 0.5223443223443224 0.03369140625 0.05714285714285714
0 0.66015625 0.5567765567765568 0.0341796875 0.05641025641025641
0 0.6240234375 0.6476190476190476 0.05712890625 0.08278388278388278
0 0.5966796875 0.536996336996337 0.02294921875 0.046886446886446886
0 0.51416015625 0.5868131868131868 0.0419921875 0.06373626373626373
0 0.49951171875 0.5421245421245421 0.0341796875 0.04835164835164835
0 0.45556640625 0.5494505494505495 0.03759765625 0.06593406593406594
0 0.2880859375 0.9032967032967033 0.1201171875 0.15531135531135531
0 0.27978515625 0.7362637362637363 0.08642578125 0.126007326007326
0 0.2626953125 0.5963369963369963 0.046875 0.08205128205128205
0 0.07080078125 0.589010989010989 0.03662109375 0.060805860805860805
0 0.07177734375 0.558974358974359 0.029296875 0.03956043956043956