0 0.044 0.3870056497175141 0.028 0.04519774011299435
0 0.075 0.3997175141242938 0.022 0.03672316384180791
0 0.098 0.4025423728813559 0.024 0.0423728813559322
0 0.127 0.3968926553672316 0.026 0.0480225988700565
0 0.142 0.4081920903954802 0.032 0.05367231638418079
0 0.193 0.4336158192090395 0.038 0.059322033898305086
0 0.225 0.3855932203389831 0.022 0.0423728813559322
0 0.254 0.3855932203389831 0.028 0.0423728813559322
0 0.282 0.3912429378531073 0.024 0.0423728813559322
0 0.319 0.3855932203389831 0.03 0.05367231638418079
0 0.356 0.4025423728813559 0.032 0.059322033898305086
0 0.398 0.3940677966101695 0.032 0.0423728813559322
0 0.384 0.3629943502824859 0.016 0.031073446327683617
0 0.43 0.3884180790960452 0.028 0.0423728813559322
0 0.465 0.3855932203389831 0.026 0.0480225988700565
0 0.4 0.4477401129943503 0.048 0.08757062146892655
0 0.445 0.4533898305084746 0.05 0.09322033898305085
0 0.509 0.3884180790960452 0.026 0.03672316384180791
0 0.504 0.3686440677966102 0.016 0.025423728813559324
0 0.566 0.3912429378531073 0.028 0.0480225988700565
0 0.574 0.3601694915254237 0.02 0.031073446327683617
0 0.598 0.3742937853107345 0.024 0.0423728813559322
0 0.628 0.3884180790960452 0.024 0.03672316384180791
0 0.638 0.365819209039548 0.016 0.025423728813559324
0 0.653 0.3771186440677966 0.022 0.03672316384180791
0 0.677 0.3855932203389831 0.03 0.0423728813559322
0 0.671 0.3587570621468927 0.018 0.022598870056497175
0 0.695 0.3757062146892655 0.018 0.03389830508474576
0 0.708 0.3615819209039548 0.016 0.02824858757062147
0 0.735 0.3799435028248588 0.022 0.0423728813559322
0 0.75 0.3629943502824859 0.016 0.025423728813559324
0 0.78 0.3855932203389831 0.02 0.0423728813559322
0 0.782 0.3629943502824859 0.02 0.025423728813559324
0 0.822 0.3644067796610169 0.024 0.04519774011299435
0 0.881 0.3742937853107345 0.026 0.03672316384180791
0 0.577 0.4830508474576271 0.062 0.1016949152542373
0 0.713 0.4491525423728814 0.05 0.07909604519774012
0 0.815 0.4463276836158192 0.05 0.07909604519774012
0 0.795 0.4096045197740113 0.03 0.04519774011299435
0 0.878 0.423728813559322 0.04 0.05084745762711865
0 0.903 0.3997175141242938 0.03 0.0480225988700565
0 0.931 0.4830508474576271 0.046 0.0903954802259887
0 0.959 0.4463276836158192 0.042 0.06779661016949153
0 0.987 0.4067796610169492 0.022 0.062146892655367235