0 0.3125 0.3684992570579495 0.05 0.08023774145616643
0 0.18291666666666667 0.5802377414561665 0.05416666666666667 0.10549777117384844
0 0.23083333333333333 0.6077265973254086 0.05 0.10104011887072809
0 0.2604166666666667 0.7971768202080238 0.09583333333333334 0.18573551263001487
0 0.15541666666666668 0.7265973254086181 0.08916666666666667 0.16047548291233285
0 0.0725 0.6478454680534919 0.07 0.1337295690936107
0 0.03666666666666667 0.7087667161961367 0.06166666666666667 0.13075780089153047
0 0.30916666666666665 0.6166419019316494 0.06 0.1188707280832095
0 0.37 0.7213967310549777 0.08833333333333333 0.14413075780089152
0 0.43916666666666665 0.6708766716196136 0.065 0.13818722139673106
0 0.5241666666666667 0.8432392273402675 0.105 0.2065378900445765
0 0.5779166666666666 0.7548291233283804 0.08416666666666667 0.1485884101040119
0 0.5445833333333333 0.600297176820208 0.05416666666666667 0.10698365527488855
0 0.63125 0.6144130757800892 0.0575 0.09955423476968796
0 0.6395833333333333 0.5527488855869243 0.05416666666666667 0.10698365527488855
0 0.7870833333333334 0.6092124814264487 0.05583333333333333 0.1188707280832095
0 0.7758333333333334 0.5690936106983655 0.051666666666666666 0.10104011887072809
0 0.8529166666666667 0.8863298662704309 0.13916666666666666 0.2213967310549777
0 0.9033333333333333 0.37592867756315007 0.12 0.22585438335809807