0 0.9027272727272727 0.6924119241192412 0.13272727272727272 0.2086720867208672
0 0.8009090909090909 0.518970189701897 0.04181818181818182 0.06775067750677506
0 0.7645454545454545 0.5718157181571816 0.05272727272727273 0.08672086720867209
0 0.7163636363636363 0.521680216802168 0.03272727272727273 0.056910569105691054
0 0.6681818181818182 0.5460704607046071 0.03090909090909091 0.051490514905149054
0 0.6081818181818182 0.5284552845528455 0.02 0.032520325203252036
0 0.5827272727272728 0.532520325203252 0.03090909090909091 0.04607046070460705
0 0.5518181818181818 0.559620596205962 0.06 0.1002710027100271
0 0.44545454545454544 0.5609756097560976 0.03636363636363636 0.05962059620596206
0 0.43 0.470189701897019 0.02 0.04065040650406504
0 0.40636363636363637 0.5785907859078591 0.06 0.08943089430894309
0 0.3690909090909091 0.5392953929539296 0.04 0.07046070460704607
0 0.3245454545454545 0.6178861788617886 0.07818181818181819 0.11382113821138211
0 0.27454545454545454 0.5718157181571816 0.05090909090909091 0.07588075880758807
0 0.29 0.537940379403794 0.03090909090909091 0.04607046070460705
0 0.34 0.5311653116531165 0.03272727272727273 0.05962059620596206
0 0.25727272727272726 0.5203252032520326 0.03090909090909091 0.04336043360433604
0 0.22454545454545455 0.516260162601626 0.038181818181818185 0.051490514905149054
0 0.1618181818181818 0.5582655826558266 0.06181818181818182 0.08672086720867209
0 0.1190909090909091 0.5176151761517616 0.016363636363636365 0.037940379403794036
0 0.09909090909090909 0.5623306233062331 0.03090909090909091 0.04607046070460705
0 0.09727272727272727 0.5230352303523035 0.02 0.037940379403794036
0 0.08363636363636363 0.5176151761517616 0.014545454545454545 0.02710027100271003
0 0.05909090909090909 0.518970189701897 0.03090909090909091 0.04607046070460705
0 0.026363636363636363 0.5040650406504065 0.02 0.032520325203252036
0 0.47 0.5298102981029811 0.023636363636363636 0.03523035230352303
0 0.36818181818181817 0.46070460704607047 0.02 0.02710027100271003
0 0.9763636363636363 0.5826558265582655 0.03636363636363636 0.07588075880758807
0 0.9545454545454546 0.5487804878048781 0.02909090909090909 0.051490514905149054
0 0.95 0.521680216802168 0.02727272727272727 0.04607046070460705
0 0.9854545454545455 0.5271002710027101 0.025454545454545455 0.056910569105691054