0 0.2041015625 0.4437400950871632 0.04541015625 0.10142630744849446
0 0.25439453125 0.38510301109350237 0.03369140625 0.061014263074484945
0 0.2626953125 0.32408874801901744 0.02587890625 0.05388272583201268
0 0.28466796875 0.29239302694136293 0.025390625 0.05229793977812995
0 0.2666015625 0.23137876386687797 0.0185546875 0.03565768621236133
0 0.232421875 0.23375594294770205 0.02197265625 0.03565768621236133
0 0.1982421875 0.2908082408874802 0.0322265625 0.058637083993660855
0 0.15966796875 0.3415213946117274 0.02880859375 0.05229793977812995
0 0.1513671875 0.23613312202852615 0.03076171875 0.043581616481774964
0 0.11083984375 0.3011093502377179 0.02734375 0.05309033280507131
0 0.1328125 0.38114104595879555 0.04541015625 0.07131537242472266
0 0.06396484375 0.37004754358161646 0.0390625 0.06735340729001585
0 0.02197265625 0.3248811410459588 0.029296875 0.05784469096671949
0 0.03466796875 0.2480190174326466 0.02880859375 0.05309033280507131
0 0.34033203125 0.410459587955626 0.041015625 0.0919175911251981
0 0.33642578125 0.33201267828843106 0.02880859375 0.0554675118858954
0 0.3310546875 0.29635499207606975 0.0302734375 0.04120443740095087
0 0.30224609375 0.23454833597464342 0.02099609375 0.028526148969889066
0 0.35595703125 0.17194928684627575 0.029296875 0.04833597464342314
0 0.40625 0.20839936608557844 0.01611328125 0.03645007923930269
0 0.36767578125 0.27416798732171155 0.02197265625 0.04992076069730586
0 0.41943359375 0.2630744849445325 0.02197265625 0.042789223454833596
0 0.40869140625 0.31695721077654515 0.02880859375 0.056259904912836764
0 0.46630859375 0.38748019017432644 0.048828125 0.07210776545166403
0 0.43798828125 0.5657686212361331 0.0703125 0.12836767036450078
0 0.548828125 0.48335974643423135 0.06640625 0.11806656101426308
0 0.54833984375 0.36608557844690964 0.04296875 0.06497622820919176
0 0.55859375 0.3050713153724247 0.0244140625 0.04992076069730586
0 0.54541015625 0.27179080824088747 0.01904296875 0.039619651347068144
0 0.4990234375 0.2836767036450079 0.02880859375 0.05150554675118859
0 0.45263671875 0.2797147385103011 0.0224609375 0.04992076069730586
0 0.46826171875 0.2559429477020602 0.0166015625 0.03803486529318542
0 0.49951171875 0.20681458003169573 0.01806640625 0.03248811410459588
0 0.58154296875 0.25277337559429475 0.01611328125 0.03803486529318542
0 0.60302734375 0.29160063391442154 0.02978515625 0.05150554675118859
0 0.634765625 0.27258320126782887 0.02197265625 0.044374009508716325
0 0.669921875 0.27496038034865294 0.02197265625 0.04120443740095087
0 0.65966796875 0.3193343898573692 0.03662109375 0.061014263074484945
0 0.62890625 0.43898573692551507 0.05322265625 0.098256735340729
0 0.7080078125 0.3787638668779715 0.041015625 0.07527733755942947
0 0.71533203125 0.3074484944532488 0.03076171875 0.05467511885895404
0 0.75146484375 0.2820919175911252 0.02734375 0.0554675118858954
0 0.81103515625 0.33914421553090335 0.0302734375 0.06973058637083994
0 0.86328125 0.3375594294770206 0.03466796875 0.0768621236133122
0 0.90478515625 0.31378763866877973 0.03369140625 0.05229793977812995
0 0.9267578125 0.29952456418383516 0.0185546875 0.04992076069730586