0 0.16833333333333333 0.34739454094292804 0.09333333333333334 0.16377171215880892
0 0.2683333333333333 0.47642679900744417 0.04666666666666667 0.06947890818858561
0 0.2775 0.5372208436724566 0.051666666666666666 0.08188585607940446
0 0.32166666666666666 0.5 0.04666666666666667 0.07196029776674938
0 0.34833333333333333 0.5583126550868487 0.05333333333333334 0.09429280397022333
0 0.4083333333333333 0.5446650124069479 0.06333333333333334 0.10173697270471464
0 0.48083333333333333 0.5372208436724566 0.06166666666666667 0.12158808933002481
0 0.5691666666666667 0.5210918114143921 0.051666666666666666 0.0794044665012407
0 0.5941666666666666 0.5967741935483871 0.06166666666666667 0.12158808933002481
0 0.49833333333333335 0.750620347394541 0.10666666666666667 0.20595533498759305
0 0.6816666666666666 0.71712158808933 0.12 0.1935483870967742
0 0.7075 0.6004962779156328 0.07833333333333334 0.12406947890818859
0 0.6741666666666667 0.4665012406947891 0.03833333333333333 0.06451612903225806
0 0.7358333333333333 0.4640198511166253 0.045 0.06451612903225806
0 0.785 0.49379652605459057 0.05 0.08436724565756824
0 0.7775 0.37344913151364767 0.025 0.05707196029776675
0 0.8775 0.3250620347394541 0.09166666666666666 0.15384615384615385
0 0.5983333333333334 0.4665012406947891 0.03333333333333333 0.05955334987593052