0 0.27890625 0.4895833333333333 0.103125 0.1875
0 0.262109375 0.37777777777777777 0.06171875 0.10277777777777777
0 0.242578125 0.33958333333333335 0.05234375 0.0763888888888889
0 0.27890625 0.3138888888888889 0.025 0.06944444444444445
0 0.19140625 0.2902777777777778 0.04375 0.07222222222222222
0 0.15703125 0.3333333333333333 0.04375 0.06944444444444445
0 0.123828125 0.3541666666666667 0.04609375 0.07777777777777778
0 0.08359375 0.3625 0.065625 0.125
0 0.39921875 0.3229166666666667 0.0265625 0.05694444444444444
0 0.437890625 0.3576388888888889 0.03203125 0.06805555555555555
0 0.4640625 0.3659722222222222 0.0375 0.059722222222222225
0 0.469140625 0.3236111111111111 0.02421875 0.05555555555555555
0 0.5234375 0.22916666666666666 0.028125 0.06388888888888888
0 0.521484375 0.37569444444444444 0.04453125 0.10416666666666667
0 0.571484375 0.3763888888888889 0.03515625 0.07777777777777778
0 0.584765625 0.32430555555555557 0.02890625 0.06527777777777778
0 0.6375 0.5097222222222222 0.0734375 0.13055555555555556
0 0.684765625 0.4527777777777778 0.04609375 0.10277777777777777
0 0.6640625 0.37916666666666665 0.0375 0.075
0 0.6484375 0.35208333333333336 0.034375 0.06527777777777778
0 0.723046875 0.3875 0.02890625 0.05555555555555555
0 0.751171875 0.3902777777777778 0.03046875 0.06111111111111111
0 0.76015625 0.44166666666666665 0.0578125 0.09722222222222222
0 0.80859375 0.3784722222222222 0.0359375 0.0763888888888889
0 0.85546875 0.41944444444444445 0.0625 0.09722222222222222
0 0.963671875 0.5298611111111111 0.07109375 0.14583333333333334
0 0.958203125 0.44722222222222224 0.04921875 0.09444444444444444