0 0.03515625 0.4227106227106227 0.06005859375 0.1076923076923077
0 0.02197265625 0.3304029304029304 0.04296875 0.09963369963369964
0 0.09375 0.31648351648351647 0.0439453125 0.08644688644688645
0 0.18359375 0.3076923076923077 0.05322265625 0.09963369963369964
0 0.1689453125 0.25860805860805863 0.03955078125 0.0695970695970696
0 0.22900390625 0.3978021978021978 0.08837890625 0.14285714285714285
0 0.27880859375 0.3663003663003663 0.0546875 0.10476190476190476
0 0.3271484375 0.315018315018315 0.044921875 0.0945054945054945
0 0.279296875 0.273992673992674 0.03466796875 0.07252747252747253
0 0.37255859375 0.2886446886446886 0.0400390625 0.07692307692307693
0 0.4169921875 0.2717948717948718 0.03076171875 0.05714285714285714
0 0.46630859375 0.36923076923076925 0.05615234375 0.09377289377289377
0 0.4453125 0.32454212454212455 0.03662109375 0.06886446886446887
0 0.45947265625 0.29304029304029305 0.037109375 0.06227106227106227
0 0.482421875 0.2681318681318681 0.02880859375 0.05567765567765568
0 0.55224609375 0.3047619047619048 0.04150390625 0.07179487179487179
0 0.6318359375 0.36117216117216117 0.07275390625 0.10695970695970695
0 0.66650390625 0.30036630036630035 0.0341796875 0.07472527472527472
0 0.72705078125 0.3384615384615385 0.04736328125 0.09304029304029304
0 0.787109375 0.12967032967032968 0.107421875 0.16263736263736264