0 0.18994140625 0.5983072916666666 0.111328125 0.17317708333333334
0 0.33837890625 0.5045572916666666 0.07861328125 0.13346354166666666
0 0.4560546875 0.373046875 0.060546875 0.09309895833333333
0 0.56884765625 0.3541666666666667 0.06103515625 0.10481770833333333
0 0.6484375 0.3196614583333333 0.03466796875 0.07421875
0 0.67822265625 0.3138020833333333 0.02294921875 0.055338541666666664
0 0.728515625 0.275390625 0.025390625 0.051432291666666664
0 0.623046875 0.7532552083333334 0.18798828125 0.3196614583333333
0 0.70166015625 0.55078125 0.1220703125 0.20182291666666666
0 0.859375 0.5032552083333334 0.0849609375 0.126953125
0 0.82421875 0.4212239583333333 0.06640625 0.09635416666666667
0 0.83251953125 0.349609375 0.04443359375 0.06510416666666667
0 0.880859375 0.3177083333333333 0.03857421875 0.0625