0 0.10107421875 0.4895833333333333 0.0654296875 0.08528645833333333
0 0.095703125 0.5826822916666666 0.087890625 0.11458333333333333
0 0.14892578125 0.431640625 0.04736328125 0.068359375
0 0.1552734375 0.3899739583333333 0.0400390625 0.052083333333333336
0 0.27294921875 0.5501302083333334 0.07080078125 0.10026041666666667
0 0.31396484375 0.431640625 0.046875 0.06705729166666667
0 0.28076171875 0.4095052083333333 0.0419921875 0.06510416666666667
0 0.32763671875 0.2975260416666667 0.03125 0.048828125
0 0.46728515625 0.4635416666666667 0.060546875 0.08854166666666667
0 0.453125 0.439453125 0.04736328125 0.0703125
0 0.4541015625 0.658203125 0.09814453125 0.14192708333333334
0 0.552734375 0.60546875 0.0732421875 0.11783854166666667
0 0.85205078125 0.7350260416666666 0.1376953125 0.16927083333333334
0 0.9677734375 0.609375 0.0634765625 0.11979166666666667
0 0.84814453125 0.3430989583333333 0.04541015625 0.0703125