0 0.0869140625 0.6119791666666666 0.068359375 0.09700520833333333
0 0.2236328125 0.759765625 0.1630859375 0.23502604166666666
0 0.33935546875 0.7838541666666666 0.0830078125 0.138671875
0 0.3046875 0.6640625 0.06396484375 0.08984375
0 0.255859375 0.6341145833333334 0.080078125 0.09635416666666667
0 0.3369140625 0.6158854166666666 0.06201171875 0.080078125
0 0.50390625 0.66015625 0.0703125 0.09895833333333333
0 0.5478515625 0.642578125 0.04345703125 0.06380208333333333
0 0.69873046875 0.6471354166666666 0.05419921875 0.080078125
0 0.7431640625 0.67578125 0.064453125 0.10416666666666667
0 0.9052734375 0.6842447916666666 0.07958984375 0.1171875
0 0.44384765625 0.4739583333333333 0.02685546875 0.041015625