0 0.08 0.3449612403100775 0.044 0.10077519379844961
0 0.15 0.29457364341085274 0.04 0.10077519379844961
0 0.187 0.3003875968992248 0.038 0.09689922480620156
0 0.231 0.3313953488372093 0.038 0.09689922480620156
0 0.276 0.3081395348837209 0.04 0.09689922480620156
0 0.31 0.3546511627906977 0.036 0.09689922480620156
0 0.358 0.30426356589147285 0.044 0.09689922480620156
0 0.392 0.35852713178294576 0.04 0.09689922480620156
0 0.44 0.34689922480620156 0.036 0.09689922480620156
0 0.496 0.32558139534883723 0.048 0.09302325581395349
0 0.548 0.35271317829457366 0.036 0.09302325581395349
0 0.583 0.3023255813953488 0.042 0.09302325581395349
0 0.621 0.312015503875969 0.046 0.1124031007751938
0 0.675 0.3178294573643411 0.042 0.09302325581395349
0 0.714 0.37209302325581395 0.048 0.11627906976744186
0 0.757 0.3178294573643411 0.042 0.08527131782945736
0 0.808 0.374031007751938 0.04 0.09689922480620156
0 0.822 0.26356589147286824 0.04 0.09302325581395349
0 0.865 0.3236434108527132 0.046 0.10465116279069768
0 0.933 0.3062015503875969 0.05 0.10077519379844961