0 0.10444444444444445 0.5883333333333334 0.07111111111111111 0.10333333333333333
0 0.17555555555555555 0.575 0.057777777777777775 0.09666666666666666
0 0.24666666666666667 0.6166666666666667 0.06666666666666667 0.12
0 0.29333333333333333 0.69 0.08444444444444445 0.16666666666666666
0 0.26666666666666666 0.5766666666666667 0.05333333333333334 0.08
0 0.39444444444444443 0.44666666666666666 0.04666666666666667 0.09333333333333334
0 0.44555555555555554 0.3933333333333333 0.06 0.1
0 0.4288888888888889 0.6166666666666667 0.08444444444444445 0.16
0 0.5344444444444445 0.5916666666666667 0.06 0.09666666666666666
0 0.6 0.6266666666666667 0.07111111111111111 0.12
0 0.7177777777777777 0.6066666666666667 0.07111111111111111 0.11333333333333333
0 0.6933333333333334 0.895 0.17777777777777778 0.20333333333333334
0 0.8944444444444445 0.875 0.13555555555555557 0.17666666666666667