0 0.866 0.47129909365558914 0.028 0.054380664652567974
0 0.752 0.5906344410876133 0.068 0.11782477341389729
0 0.681 0.5483383685800605 0.05 0.08157099697885196
0 0.652 0.5453172205438066 0.04 0.0634441087613293
0 0.645 0.5030211480362538 0.038 0.0634441087613293
0 0.612 0.5120845921450151 0.036 0.0513595166163142
0 0.623 0.48942598187311176 0.026 0.04833836858006042
0 0.584 0.4909365558912387 0.024 0.045317220543806644
0 0.564 0.4909365558912387 0.024 0.045317220543806644
0 0.495 0.6510574018126888 0.066 0.11178247734138973
0 0.504 0.595166163141994 0.056 0.09667673716012085
0 0.453 0.5604229607250756 0.046 0.0634441087613293
0 0.477 0.5317220543806647 0.042 0.06646525679758308
0 0.416 0.49697885196374625 0.024 0.03323262839879154
0 0.392 0.5060422960725075 0.024 0.03323262839879154
0 0.392 0.48489425981873113 0.02 0.03323262839879154
0 0.349 0.513595166163142 0.034 0.04833836858006042
0 0.308 0.5604229607250756 0.04 0.06948640483383686
0 0.258 0.5891238670694864 0.032 0.06646525679758308
0 0.233 0.5921450151057401 0.058 0.08459214501510574
0 0.192 0.6132930513595166 0.06 0.08459214501510574
0 0.18 0.6525679758308157 0.084 0.1148036253776435
0 0.068 0.5694864048338368 0.044 0.08761329305135952
0 0.096 0.5800604229607251 0.044 0.06646525679758308
0 0.14 0.5709969788519638 0.04 0.054380664652567974
0 0.18 0.5422960725075529 0.04 0.0513595166163142
0 0.227 0.5392749244712991 0.038 0.0513595166163142
0 0.259 0.525679758308157 0.026 0.04833836858006042
0 0.27 0.5196374622356495 0.02 0.04229607250755287
0 0.31 0.49395770392749244 0.024 0.03323262839879154