0 0.36669921875 0.4302203567681007 0.0458984375 0.12067156348373557
0 0.341796875 0.3483735571878279 0.0361328125 0.080797481636936
0 0.36962890625 0.35362014690451204 0.02099609375 0.05246589716684155
0 0.38916015625 0.3378803777544596 0.01611328125 0.03987408184679958
0 0.46923828125 0.3273871983210913 0.01953125 0.04197271773347324
0 0.5283203125 0.34207764952780695 0.02294921875 0.048268625393494226
0 0.5595703125 0.3473242392444911 0.02197265625 0.05876180482686254
0 0.57373046875 0.3515215110178384 0.01953125 0.055613850996852045
0 0.61572265625 0.36096537250786986 0.025390625 0.05666316894018888
0 0.62890625 0.3882476390346275 0.0234375 0.06190975865687303
0 0.64697265625 0.3704092339979014 0.025390625 0.06715634837355719
0 0.72802734375 0.45120671563483733 0.0673828125 0.15320041972717732
0 0.751953125 0.4018887722980063 0.0458984375 0.09968520461699895