0 0.09228515625 0.5693430656934306 0.09716796875 0.16058394160583941
0 0.0732421875 0.618978102189781 0.09033203125 0.14963503649635038
0 0.20703125 0.589051094890511 0.10498046875 0.18467153284671534
0 0.0537109375 0.4474452554744526 0.04248046875 0.0708029197080292
0 0.06884765625 0.4218978102189781 0.0478515625 0.07372262773722628
0 0.14892578125 0.4218978102189781 0.03857421875 0.05620437956204379
0 0.1650390625 0.40364963503649637 0.03466796875 0.06423357664233577
0 0.20556640625 0.40145985401459855 0.03662109375 0.052554744525547446
0 0.24560546875 0.4029197080291971 0.0439453125 0.0708029197080292
0 0.3212890625 0.3613138686131387 0.029296875 0.05474452554744526
0 0.333984375 0.3167883211678832 0.02880859375 0.050364963503649635
0 0.34765625 0.5116788321167883 0.0654296875 0.11094890510948906
0 0.359375 0.4467153284671533 0.05126953125 0.07737226277372262
0 0.4033203125 0.4751824817518248 0.05078125 0.10510948905109489
0 0.43798828125 0.4678832116788321 0.06396484375 0.09124087591240876
0 0.47314453125 0.46058394160583943 0.04931640625 0.08248175182481751
0 0.3564453125 0.3897810218978102 0.0283203125 0.052554744525547446
0 0.37353515625 0.38467153284671535 0.02783203125 0.04890510948905109
0 0.5341796875 0.44452554744525546 0.0458984375 0.0708029197080292
0 0.5 0.4299270072992701 0.033203125 0.05766423357664233
0 0.58251953125 0.44233576642335765 0.03955078125 0.06642335766423357
0 0.61962890625 0.4759124087591241 0.05078125 0.08102189781021898
0 0.5859375 0.3875912408759124 0.02197265625 0.03795620437956204
0 0.6015625 0.4029197080291971 0.02783203125 0.051094890510948905
0 0.63623046875 0.4167883211678832 0.02734375 0.040145985401459854
0 0.65771484375 0.40875912408759124 0.0302734375 0.04671532846715328
0 0.69482421875 0.4116788321167883 0.03369140625 0.050364963503649635
0 0.6220703125 0.3116788321167883 0.0302734375 0.049635036496350364
0 0.900390625 0.3518248175182482 0.0458984375 0.06642335766423357