0 0.0458984375 0.547985347985348 0.0556640625 0.09084249084249084
0 0.18017578125 0.580952380952381 0.1025390625 0.15384615384615385
0 0.23486328125 0.5736263736263736 0.0693359375 0.1413919413919414
0 0.408203125 0.6205128205128205 0.10986328125 0.15457875457875458
0 0.36474609375 0.5633699633699634 0.06591796875 0.09157509157509157
0 0.47705078125 0.28498168498168497 0.04541015625 0.08937728937728938
0 0.52734375 0.5868131868131868 0.05224609375 0.09230769230769231
0 0.47412109375 0.8234432234432234 0.14990234375 0.24395604395604395
0 0.58251953125 0.6285714285714286 0.08447265625 0.12161172161172161
0 0.69873046875 0.6688644688644688 0.1044921875 0.17216117216117216
0 0.70654296875 0.5963369963369963 0.078125 0.10183150183150183
0 0.8525390625 0.6366300366300366 0.087890625 0.14945054945054945
0 0.91357421875 0.6058608058608058 0.06884765625 0.11648351648351649