0 0.1650390625 0.6627604166666666 0.08544921875 0.125
0 0.04833984375 0.5970052083333334 0.0556640625 0.09309895833333333
0 0.04248046875 0.48046875 0.03662109375 0.06640625
0 0.01220703125 0.4778645833333333 0.01953125 0.06640625
0 0.13720703125 0.4544270833333333 0.03369140625 0.053385416666666664
0 0.1904296875 0.4609375 0.04443359375 0.052734375
0 0.2060546875 0.5442708333333334 0.05712890625 0.07747395833333333
0 0.25 0.4505208333333333 0.0302734375 0.041666666666666664
0 0.30615234375 0.4420572916666667 0.03173828125 0.048177083333333336
0 0.3544921875 0.529296875 0.0380859375 0.055338541666666664
0 0.3388671875 0.62109375 0.07080078125 0.115234375
0 0.3876953125 0.48046875 0.0341796875 0.051432291666666664
0 0.4208984375 0.443359375 0.029296875 0.049479166666666664
0 0.46044921875 0.4947916666666667 0.04150390625 0.049479166666666664
0 0.4658203125 0.5494791666666666 0.03759765625 0.055338541666666664
0 0.54443359375 0.45703125 0.02587890625 0.044921875
0 0.572265625 0.5227864583333334 0.0400390625 0.07161458333333333
0 0.6328125 0.509765625 0.03662109375 0.060546875
0 0.64111328125 0.6061197916666666 0.0625 0.10481770833333333
0 0.74755859375 0.5533854166666666 0.0556640625 0.08919270833333333
0 0.85888671875 0.5397135416666666 0.0498046875 0.07356770833333333