0 0.04007820136852395 0.4406158357771261 0.03519061583577713 0.06304985337243402
0 0.016129032258064516 0.46994134897360706 0.030303030303030304 0.09824046920821114
0 0.11388074291300097 0.46847507331378296 0.059628543499511244 0.10410557184750734
0 0.13929618768328444 0.44868035190615835 0.03421309872922776 0.07331378299120235
0 0.23069403714565004 0.4574780058651026 0.033235581622678395 0.06744868035190615
0 0.2727272727272727 0.4398826979472141 0.033235581622678395 0.06158357771260997
0 0.34995112414467255 0.4530791788856305 0.0469208211143695 0.07331378299120235
0 0.35386119257087 0.42008797653958946 0.021505376344086023 0.039589442815249266
0 0.5948191593352884 0.5417888563049853 0.09481915933528837 0.15395894428152493
0 0.7003910068426198 0.5527859237536656 0.12023460410557185 0.21114369501466276
0 0.841642228739003 0.3453079178885631 0.04105571847507331 0.06598240469208211
0 0.9227761485826002 0.7719941348973607 0.15249266862170088 0.2565982404692082