0 0.22607421875 0.5950520833333334 0.158203125 0.22786458333333334
0 0.07373046875 0.80859375 0.13623046875 0.2591145833333333
0 0.0517578125 0.3665364583333333 0.0673828125 0.08984375
0 0.18017578125 0.279296875 0.06396484375 0.11263020833333333
0 0.20751953125 0.3548177083333333 0.04443359375 0.07356770833333333
0 0.248046875 0.3365885416666667 0.033203125 0.050130208333333336
0 0.27685546875 0.3235677083333333 0.0361328125 0.06315104166666667
0 0.3779296875 0.4537760416666667 0.0732421875 0.12565104166666666
0 0.4208984375 0.4765625 0.09619140625 0.13606770833333334
0 0.40673828125 0.384765625 0.0517578125 0.07356770833333333
0 0.44189453125 0.3385416666666667 0.0478515625 0.06770833333333333
0 0.40283203125 0.3346354166666667 0.03759765625 0.049479166666666664
0 0.40625 0.310546875 0.0361328125 0.05859375
0 0.5908203125 0.3118489583333333 0.03173828125 0.0625
0 0.6572265625 0.3125 0.048828125 0.087890625
0 0.6748046875 0.3203125 0.0439453125 0.08984375
0 0.68798828125 0.25 0.04541015625 0.07161458333333333
0 0.744140625 0.3450520833333333 0.0595703125 0.07291666666666667
0 0.81982421875 0.3072916666666667 0.06591796875 0.11393229166666667
0 0.7841796875 0.24934895833333334 0.03466796875 0.060546875
0 0.87548828125 0.3020833333333333 0.0361328125 0.061197916666666664
0 0.76318359375 0.3196614583333333 0.048828125 0.0703125