0 0.06796875 0.3303370786516854 0.0671875 0.10337078651685393
0 0.16484375 0.30112359550561796 0.0828125 0.1303370786516854
0 0.20078125 0.24719101123595505 0.0546875 0.0853932584269663
0 0.2703125 0.3382022471910112 0.078125 0.11910112359550562
0 0.37265625 0.3550561797752809 0.0640625 0.11235955056179775
0 0.4125 0.27078651685393257 0.0625 0.10112359550561797
0 0.47265625 0.34269662921348315 0.0515625 0.09213483146067415
0 0.628125 0.2393258426966292 0.10625 0.16853932584269662
0 0.7734375 0.27191011235955054 0.08125 0.14382022471910114
0 0.86875 0.298876404494382 0.0625 0.11685393258426967
0 0.57421875 0.23595505617977527 0.0859375 0.14831460674157304