0 0.2641509433962264 0.3640226628895184 0.1471698113207547 0.20679886685552407
0 0.46226415094339623 0.24079320113314448 0.12075471698113208 0.22662889518413598
0 0.4556603773584906 0.830028328611898 0.19811320754716982 0.32294617563739375
0 0.6877358490566038 0.8229461756373938 0.2169811320754717 0.3087818696883853
0 0.7113207547169811 0.5481586402266289 0.1018867924528302 0.18413597733711048
0 0.6537735849056604 0.45609065155807366 0.062264150943396226 0.12464589235127478
0 0.6528301886792452 0.38526912181303113 0.06415094339622641 0.0906515580736544
0 0.720754716981132 0.4164305949008499 0.06037735849056604 0.10764872521246459
0 0.8150943396226416 0.40368271954674223 0.07924528301886792 0.11614730878186968
0 0.869811320754717 0.37535410764872523 0.06037735849056604 0.09348441926345609
0 0.9235849056603773 0.40226628895184136 0.08113207547169811 0.13031161473087818
0 0.9783018867924528 0.37393767705382436 0.03962264150943396 0.10764872521246459
0 0.9226415094339623 0.6373937677053825 0.13962264150943396 0.2096317280453258