0 0.06591796875 0.5826822916666666 0.02001953125 0.038411458333333336
0 0.08203125 0.5885416666666666 0.0302734375 0.035807291666666664
0 0.130859375 0.6028645833333334 0.02685546875 0.048828125
0 0.16650390625 0.6178385416666666 0.03857421875 0.059895833333333336
0 0.2021484375 0.6373697916666666 0.04248046875 0.06510416666666667
0 0.1923828125 0.572265625 0.02392578125 0.027994791666666668
0 0.23388671875 0.5677083333333334 0.0224609375 0.039713541666666664
0 0.24853515625 0.5787760416666666 0.0263671875 0.028645833333333332
0 0.2548828125 0.62890625 0.044921875 0.07877604166666667
0 0.30712890625 0.5852864583333334 0.025390625 0.040364583333333336
0 0.33642578125 0.59375 0.0341796875 0.059895833333333336
0 0.349609375 0.5748697916666666 0.03173828125 0.044921875
0 0.48291015625 0.6484375 0.07275390625 0.11458333333333333
0 0.46875 0.5579427083333334 0.021484375 0.0390625
0 0.5302734375 0.5598958333333334 0.02685546875 0.046875
0 0.5556640625 0.5970052083333334 0.02392578125 0.052734375
0 0.576171875 0.6048177083333334 0.0322265625 0.053385416666666664
0 0.5673828125 0.5618489583333334 0.02001953125 0.033854166666666664
0 0.6259765625 0.6048177083333334 0.04541015625 0.06901041666666667
0 0.7333984375 0.662109375 0.06689453125 0.10091145833333333
0 0.71142578125 0.5859375 0.02099609375 0.046223958333333336
0 0.7890625 0.572265625 0.0302734375 0.048828125
0 0.82861328125 0.4934895833333333 0.03125 0.06380208333333333
0 0.91357421875 0.498046875 0.03369140625 0.057942708333333336
0 0.88671875 0.62890625 0.05908203125 0.08463541666666667
0 0.8974609375 0.5833333333333334 0.04052734375 0.06705729166666667