0 0.075 0.5720720720720721 0.054 0.07507507507507508
0 0.085 0.6876876876876877 0.09 0.14414414414414414
0 0.211 0.6546546546546547 0.07 0.12012012012012012
0 0.257 0.6126126126126126 0.05 0.07807807807807808
0 0.237 0.4039039039039039 0.034 0.06306306306306306
0 0.305 0.5690690690690691 0.046 0.07507507507507508
0 0.326 0.8258258258258259 0.148 0.21621621621621623
0 0.354 0.6876876876876877 0.088 0.13813813813813813
0 0.392 0.6276276276276276 0.056 0.1021021021021021
0 0.43 0.6081081081081081 0.044 0.07507507507507508
0 0.424 0.5630630630630631 0.044 0.06306306306306306
0 0.622 0.5720720720720721 0.044 0.07507507507507508
0 0.652 0.5975975975975976 0.052 0.08408408408408409
0 0.725 0.6126126126126126 0.066 0.11411411411411411
0 0.794 0.5870870870870871 0.064 0.08708708708708708
0 0.821 0.6726726726726727 0.09 0.12012012012012012
0 0.909 0.6141141141141141 0.07 0.12312312312312312
0 0.944 0.7912912912912913 0.108 0.21921921921921922