0 0.17704626334519574 0.21883289124668434 0.04804270462633452 0.06631299734748011
0 0.24466192170818504 0.29973474801061006 0.037366548042704624 0.04774535809018567
0 0.22241992882562278 0.28779840848806365 0.02491103202846975 0.04509283819628647
0 0.30516014234875444 0.30238726790450926 0.04448398576512456 0.0636604774535809
0 0.3398576512455516 0.2864721485411141 0.02491103202846975 0.03183023872679045
0 0.38523131672597866 0.27320954907161804 0.023131672597864767 0.03713527851458886
0 0.37722419928825623 0.3063660477453581 0.03558718861209965 0.0610079575596817
0 0.4581850533807829 0.3169761273209549 0.05871886120996441 0.08753315649867374
0 0.4110320284697509 0.28514588859416445 0.02491103202846975 0.04509283819628647
0 0.5355871886120996 0.29045092838196285 0.021352313167259787 0.03978779840848806
0 0.547153024911032 0.32360742705570295 0.026690391459074734 0.04774535809018567
0 0.6387900355871886 0.3196286472148541 0.03202846975088968 0.04509283819628647
0 0.6254448398576512 0.29045092838196285 0.019572953736654804 0.03978779840848806
0 0.6966192170818505 0.36074270557029176 0.0693950177935943 0.11140583554376658
0 0.7215302491103203 0.2891246684350133 0.030249110320284697 0.05305039787798409
0 0.7891459074733096 0.34615384615384615 0.05516014234875445 0.08222811671087533